2 213 240
1 242
3 271 269 264
3 259 14 47
1 12
4 156 283 45 66
1 141
1 265
1 293
3 75 241 250
1 256
3 68 5 100
1 59
1 112
5 180 146 61 23 247
2 282 149
1 288
3 296 70 169
2 10 229
3 185 139 46
1 181
1 152
3 285 287 175
1 196
5 0 107 82 124 17
2 114 186
1 106
2 95 228
3 243 76 55
2 111 2
3 121 81 231
3 212 19 252
2 101 51
2 119 211
3 127 217 262
2 201 115
4 216 273 237 173
3 96 298 120
1 272
1 98
2 11 194
1 43
1 219
2 258 238
4 13 209 6 251
1 126
3 161 125 153
1 205
1 16
1 104
2 85 142
3 290 174 37
3 48 90 130
4 63 236 235 9
3 54 39 297
2 244 215
1 206
2 170 30
2 25 278
2 80 35
3 260 160 84
1 94
1 135
1 154
2 89 192
2 131 52
2 214 78
2 284 189
1 49
1 151
1 1
2 249 123
1 257
2 140 274
1 67
1 233
1 223
2 224 97
2 15 266
2 245 71
1 143
2 73 279
2 226 178
3 203 177 31
3 21 102 145
3 116 197 182
3 294 281 69
4 148 74 138 280
2 50 176
3 204 158 20
2 207 132
2 83 183
1 208
2 276 292
1 155
3 295 163 77
2 42 255
3 103 190 165
1 289
3 27 248 270
