2 3663 6730
4 4780 3749 889 3375
2 2634 3748
5 4032 5816 9102 2099 3876
4 2174 948 6898 7414
6 5221 517 3958 4256 3555 4329
2 3171 7364
4 347 8955 1739 1445
3 2882 3750 5453
3 8729 8810 85
2 5002 8909
5 2484 3572 5575 641 5486
5 3417 9300 4608 5042 8311
8 8833 1098 799 272 9161 3918 6088 7066
3 2796 9900 7775
7 6975 1822 9545 2292 9269 5812 9138
3 2280 1841 9307
2 8770 5240
2 8135 7417
2 8941 9577
3 3173 5897 6413
3 1181 1268 9932
1 8887
2 1875 6014
6 7009 9972 5398 6496 3554 4707
4 1215 9452 4556 4747
2 9841 4576
4 2216 9423 836 6627
2 7804 7688
2 2925 6537
1 7899
2 5016 7021
3 4757 6673 9510
6 1743 7998 4042 8514 283 2659
4 8189 7600 8596 4625
6 123 6443 7895 3422 8351 9866
4 5536 2008 6564 9969
5 7563 827 8474 2349 2894
6 5360 3102 5463 9374 7424 6017
3 4490 5729 694
2 2729 2980
4 1910 8243 3008 6575
3 3853 4208 8805
2 5418 1864
6 3430 8772 7520 9170 6823 411
2 4105 2994
3 9823 8574 6596
2 1216 5987
5 3508 3253 4653 5196 8395
3 8476 5902 6625
5 8027 1352 9991 1473 9741
6 2182 4222 9358 6680 4418 5269
6 4410 4437 8771 126 7908 3634
2 5216 1868
4 6754 8095 2668 7722
3 2444 3901 1363
4 6190 8409 1136 2518
7 4694 883 8336 9819 7542 8317 8636
7 288 9222 1853 469 3279 1851 973
5 8346 6957 4426 8307 6422
5 5631 9572 205 4890 5561
5 7495 6447 6974 7315 4361
5 6619 9064 4793 7839 6441
2 7568 6320
3 281 9919 1154
3 9525 9847 6576
4 5232 2170 4502 6172
2 3358 5392
2 7521 2681
5 4819 64 748 5928 7456
4 1073 8749 4461 9982
4 947 1478 6324 447
3 7065 4881 8696
2 5685 1099
3 8626 9514 2288
1 4594
3 8218 362 9784
3 7553 9873 9799
4 9214 4133 2296 341
2 7533 6737
6 7310 2824 2431 4965 277 5591
3 516 2143 697
6 6338 6768 1625 9786 9404 870
6 5292 7168 7140 7905 5365 4087
5 3397 9353 7004 1653 3952
2 5513 233
8 1598 7659 6169 2814 8240 2561 5473 8694
4 2382 6271 8216 7049
7 2260 6611 3004 9004 8640 2809 7326
5 2930 8462 4859 6947 1778
3 6932 9774 6804
5 3320 8269 321 6149 7348
7 213 2366 4569 5527 953 3188 2254
7 636 2300 5750 6899 9082 7903 582
3 7956 6377 496
4 1902 8690 3493 2388
2 5280 6216
3 7100 7997 7936
4 9043 2883 5284 5723
5 8380 9071 7806 2952 1627
3 568 7788 5666
6 9377 1727 9544 4063 9802 5851
3 5956 8225 6207
3 464 2712 7207
4 9200 6435 4635 537
3 7682 9193 1596
4 5275 5953 9431 9527
2 5276 5193
3 1624 3530 7162
2 624 5208
4 2975 2942 574 3708
4 4083 3002 3334 2678
2 6513 1911
6 832 2449 8081 6235 2901 3504
4 1078 9603 7885 5707
4 2702 1705 6240 3595
3 4075 1874 1508
2 5029 1637
3 5676 5470 825
5 8330 1249 3861 1731 4978
4 1032 8877 8932 4097
2 2891 2623
3 3045 4412 4275
6 4533 8643 3597 79 951 9255
6 8339 9736 2067 7631 9827 946
7 5201 7237 2893 5936 7930 6598 3048
5 8497 2579 3352 5950 2565
4 8485 2059 5050 4331
5 473 6976 8148 9918 5320
3 1797 9950 7010
3 8222 7095 7234
3 8302 978 9354
3 2902 7165 3116
4 3891 5778 7055 5674
3 4258 7319 9700
5 4309 1261 4537 5870 8465
1 8816
6 3029 160 4407 3024 6626 4347
6 5715 8633 2454 7050 936 7341
5 1046 104 4029 4775 2507
5 7425 5468 1296 4058 3767
6 3452 4776 3800 2716 3080 3227
4 9877 6305 6755 2149
3 8948 282 7886
8 188 5578 3246 8084 8146 5747 9163 6546
2 9018 5044
6 5867 5045 3662 661 796 7063
3 4145 6542 2630
1 6246
3 4647 5379 7368
6 3242 6471 1613 4956 1367 960
3 8500 4297 5823
4 9225 7741 265 4916
4 2953 7654 9838 3143
2 8110 6835
2 1019 3570
3 5412 617 4821
5 7359 3600 7647 4897 1993
5 3412 5304 8622 2505 7540
9 4474 1961 2096 9519 4012 8068 3979 9615 9556
7 5171 8418 9108 3758 1001 6843 7907
3 6141 2807 3232
1 1397
5 220 3723 4118 6157 3082
3 1714 7537 5638
6 2546 8804 6573 9015 4014 8945
5 7924 1859 9905 1209 7260
4 1661 6916 5491 9958
4 1402 8965 9724 1766
6 4976 8728 4695 8151 9403 6614
7 6912 173 1050 5754 6577 3074 6479
5 1887 17 2895 9860 3531
3 5651 7194 7187
2 9642 9212
7 8584 4079 3089 4270 4961 1540 8670
7 8720 6108 732 5294 2291 3913 6632
3 9813 714 969
5 8426 381 7440 3870 6587
5 8763 5571 5402 2556 7641
7 6510 4340 9659 25 6074 3808 4364
9 6211 5531 3263 6126 4155 882 6960 9782 1177
2 5250 7471
6 477 9026 1129 3633 2007 9481
4 1877 9645 4235 900
3 8982 8113 8799
2 2810 4539
3 547 6810 7690
7 8526 6295 954 604 2329 9555 2504
2 9849 7492
5 8901 8672 2054 7214 2084
7 653 1413 9318 7805 8479 1990 7947
5 4572 7019 2211 1010 2661
2 7069 7917
4 6784 8784 4419 1635
3 6555 9109 8392
3 1058 5087 1648
4 2025 843 5317 5738
3 8100 5849 9192
4 1442 9550 578 2494
6 6948 8482 6019 8782 4963 3107
1 9914
6 9548 5282 244 2498 6142 1199
6 4341 6858 1930 6012 6303 4690
3 5827 6415 6787
5 6872 5618 3826 6133 8194
3 5911 4866 2497
5 6670 6761 556 2781 5517
3 8308 1665 9770
3 351 8387 4977
2 4453 2217
4 5629 6717 9697 6491
3 6506 2016 4131
6 1756 1103 6691 814 8265 1921
3 5359 4962 2423
2 7362 6148
6 2874 4094 3712 7970 4512 8618
4 4123 4782 9729 3810
2 6159 519
3 7064 1327 6301
4 9381 8402 2157 5033
6 743 1102 3906 637 8631 531
4 315 7192 1212 7264
4 6556 8798 9633 3021
6 9796 1977 818 439 4767 2338
4 92 622 8180 4901
6 569 2355 4287 5231 845 7911
5 1357 9025 3030 7555 2107
4 3178 6465 1079 7534
3 5054 8412 7649
2 7854 6051
4 2135 7223 9916 7134
5 5198 8735 6478 5559 5107
3 5533 9103 9837
6 8642 8456 7897 1027 3857 4964
4 9333 9152 7718 9895
7 2337 8363 8219 2275 7817 5635 2406
4 3624 5795 5779 5690
5 3671 3464 2290 3057 7502
4 9551 6923 1812 4644
4 466 4940 7996 722
2 3909 3818
5 9309 9595 1061 7934 8314
3 9715 566 9558
3 2309 4516 5273
2 2776 7887
4 1845 9579 2936 9478
6 4182 5478 1629 5698 2879 1793
8 6600 565 4414 8075 1538 6637 4540 2436
5 5386 5375 7422 5410 470
4 6433 1697 2530 592
5 9708 4820 6561 4871 3285
4 5436 3157 7178 4915
5 207 551 942 2786 6511
5 1003 9028 2737 6264 3517
2 4908 6906
2 5178 9600
4 9704 3127 1428 2791
6 8752 852 2985 5930 5007 2103
6 6756 5058 4564 9748 8964 2957
5 8809 9723 3472 2267 9154
4 6066 5085 8776 5921
5 1479 4337 3404 8167 6588
4 5896 7094 869 2611
2 4037 7978
3 8791 5678 1651
8 43 6438 4752 759 4762 8768 2134 4659
3 4806 20 4300
6 6290 2160 7602 8062 503 7272
3 4932 3688 7774
3 650 8054 6405
4 7072 9965 8275 7796
6 238 689 6662 47 1946 8114
6 3782 6526 3948 9962 5507 6135
6 8532 243 8684 4585 2587 7470
6 5262 7056 7626 2467 4345 5211
4 5411 3509 4020 75
4 608 6903 6865 6061
6 555 8542 3120 6371 6830 6091
2 7322 9343
5 420 9411 9656 5021 9204
7 7046 8859 7750 3988 8443 8715 3006
9 1415 4943 8996 7517 9894 3840 3062 8470 4184
3 5285 3038 63
7 6409 5072 4439 7923 5789 824 8753
3 6751 7968 1289
4 8900 9711 8744 7215
2 6080 511
4 8682 3403 4875 4708
4 1978 9438 1991 5065
6 5568 9335 1594 3421 3444 4171
4 2524 699 9188 2451
2 2742 6279
2 9582 8629
4 3034 6325 1522 4188
2 6008 3399
8 6277 3609 649 5111 6534 2915 5551 6090
5 7790 1341 725 4643 9346
5 121 3668 8132 5204 7460
3 797 3424 711
4 6646 4226 41 4678
3 8962 6663 819
3 67 224 8385
5 5346 5479 6249 3154 202
8 8653 5496 7271 3512 1396 5621 977 5681
1 8096
6 9940 7591 730 6650 3529 7527
4 3928 4968 8792 2783
4 2022 5616 3769 6121
4 1223 2907 6639 2155
2 6490 419
4 1595 1718 6952 9604
5 9229 7105 7687 2273 8009
4 3946 4998 1678 5255
2 4663 98
7 7650 4487 6606 66 5099 8918 1185
3 2523 4254 3071
6 2394 9311 235 7508 2528 119
5 9597 5872 3868 1773 2582
3 7938 5991 124
5 356 9331 8323 5882 3386
3 8534 2850 647
3 9898 7835 7820
2 4632 9643
5 2453 4016 5961 7153 5885
5 9327 737 8959 3580 3642
4 4307 1702 3059 4789
4 5854 1231 7734 5644
2 8845 6055
5 4173 5184 3645 2956 2367
3 692 3993 7756
7 791 6552 211 3000 5257 2249 9418
3 3300 4815 2719
7 3234 6048 7676 8032 2537 4771 7593
3 610 9482 3436
8 9673 148 5813 7478 491 7965 6179 5970
4 6774 2371 6173 9410
4 974 9830 1533 2480
3 3655 4605 8360
2 5361 7577
3 4013 6909 5988
9 9462 6697 5426 5627 6760 3070 1237 8548 6202
6 756 7964 8803 9947 9650 7652
4 8707 1101 3727 7559
2 8879 849
5 6210 7701 6907 8037 9941
3 3790 442 1298
5 4669 4305 1006 6806 6647
5 6765 7490 9347 3829 6164
4 1454 5774 7608 6065
5 4602 6039 287 9768 7747