4 7468 3298 3611 4399
1 2591
4 8227 594 4812 6342
5 7227 3246 9760 2096 247
1 4796
3 7948 2693 7252
4 2418 4419 5198 1858
1 7206
3 3202 5147 1680
4 2736 2502 9058 8308
3 2573 3536 5110
3 9927 6995 1823
1 4887
1 5982
7 8890 1421 6622 8356 5877 9829 9099
1 1855
5 9459 4580 5470 4220 1881
1 7110
1 8563
1 3560
1 1880
6 7716 388 712 2342 54 910
1 6517
2 2660 6348
3 2176 5296 3737
3 1817 6644 2746
1 9287
4 9121 1442 6 1931
7 8670 1670 2825 4573 3848 5010 9811
2 4027 7813
2 1135 437
4 5991 0 8633 3975
1 7433
4 2384 5813 8538 8468
1 5071
4 7325 8815 5895 6676
1 6527
1 4471
1 5903
4 8967 995 9639 8131
7 3647 1736 8394 4172 1663 8862 2152
4 5480 1751 9878 2363
1 1000
3 5091 1642 6934
1 1339
1 7581
2 3539 3504
2 6544 6285
3 476 6509 6010
1 7632
4 7013 6665 706 757
1 978
5 3321 1411 8581 9765 3084
1 2528
4 306 6521 4779 5563
1 6686
4 2718 454 2251 2625
1 2887
2 2053 4023
6 3654 5307 4275 1633 5961 7814
3 8088 2851 4996
5 6321 486 7836 3503 6626
1 6753
1 1159
1 4941
4 5983 576 4281 4622
1 8824
1 492
5 8773 3145 8348 7713 913
3 8071 6365 2908
2 3358 5646
1 5226
2 8306 2269
3 1399 605 2964
5 1192 7835 8215 9770 7460
1 2758
2 6190 3559
3 5441 8345 391
6 7575 9732 1035 5461 535 8939
1 820
1 4557
1 8596
5 7804 262 2491 3637 2579
5 9954 4500 8885 4401 3630
5 6377 5950 2454 5176 6300
2 1376 1088
1 2939
3 9377 8319 8163
1 8730
1 4469
1 4793
1 8727
1 773
1 7678
3 8303 7771 9721
2 4646 1452
1 1344
4 9483 7519 7733 6766
7 8965 379 8958 1216 6830 7157 3771
4 3760 31 962 1976
4 4411 8606 7115 5790
4 3936 6911 4600 840
5 4011 2191 7720 3571 1662
1 9824
1 7025
1 180
1 9723
7 6039 6129 8031 8948 4261 8199 8171
5 2212 3324 4122 165 2564
1 1555
5 3608 4181 6349 4716 790
4 1067 4476 2196 8654
1 9868
4 4829 3111 763 8232
1 3491
3 2346 8080 5370
5 8192 3635 4925 5812 3158
6 9925 2237 9231 5376 6792 868
1 5968
2 3341 6170
7 3708 2308 3515 7050 6099 143 611
6 563 3507 9258 6845 1542 1479
5 7444 8340 4823 4510 7235
5 3578 9519 1936 1225 7700
3 8968 4177 8908
8 6252 6208 5382 1959 7815 5570 5664 7437
3 1626 5348 1653
1 2430
1 4818
1 7061
1 5059
3 7909 9865 7204
3 7613 6060 5575
1 3207
6 364 3312 9966 26 322 9311
2 8253 5561
8 719 8290 2343 688 3926 1893 6616 770
3 1178 9569 204
1 9803
2 1844 6889
1 7773
2 2288 3755
5 4679 1427 3134 2326 4129
3 3696 5891 3897
1 5886
5 1381 4465 592 2922 6467
2 2445 8825
4 6879 8070 8374 7833
6 9252 6801 7275 7059 7476 9448
2 5513 9525
1 4483
7 9550 7239 7662 1763 3742 6717 845
5 9763 9848 1481 7744 1813
1 9520
1 9359
5 4070 5325 6217 7450 7986
2 4138 948
4 9044 4438 4844 2697
1 2951
1 9515
5 3381 2977 6397 2677 7673
1 1114
1 5578
4 872 3890 7189 7228
3 7122 4005 8304
3 9251 2463 5618
3 8184 807 2134
6 1778 789 6581 684 7601 7527
6 7464 6988 5910 2698 2819 6191
1 9360
6 8578 408 3809 258 9714 2100
3 5478 5334 9354
2 3709 432
4 4528 2411 5749 630
1 7621
1 1545
2 8402 8753
2 3827 4778
6 2297 9509 3091 3179 7182 1552
5 1563 2812 8061 6994 4865
4 7147 3265 5960 9719
3 4420 5776 2148
1 5067
4 5553 6520 2902 4846
4 7355 9048 784 1923
3 7362 5471 1207
6 1208 1131 8999 5412 2376 5399
6 3614 8886 5344 5683 1213 302
4 1319 2481 5138 3679
4 7284 4337 4212 9668
4 4006 1478 2300 8947
2 7760 1559
6 5649 1433 9636 2476 3850 5225
6 23 2654 1849 5373 393 8607
6 368 8793 8762 9608 6687 5647
3 6591 8490 3619
2 6960 6080
2 6090 3791
4 6912 8722 8971 2554
8 6031 7891 3986 2582 5669 9726 5637 1744
4 6515 9301 6405 9532
4 8605 3633 6935 3985
3 7809 6477 7036
4 5444 8276 2836 1226
6 5371 9021 4530 301 7904 6339
1 4417
1 9530
7 7109 1706 7658 8900 148 1722 8152
5 9186 7218 4991 8441 3402
4 4301 8048 4751 6212
4 6463 9076 4931 3665
3 7990 8430 3533
5 6403 9985 137 1439 1374
7 666 3694 8950 1286 4492 8718 5973
5 873 9921 6311 5819 1905
1 7482
4 9349 5498 3620 7241
4 1803 6207 5652 9465
6 311 4361 6564 4900 5977 8648
2 7972 1426
5 1023 9600 1007 5248 1575
3 2412 3887 3125
3 3824 6124 8618
6 8711 2171 9840 5346 7069 8870
2 4736 1064
3 5969 6322 8594
5 7347 4810 1021 6152 4095
2 7015 2337
4 4329 3337 7842 8625
7 499 8895 9686 5811 8156 3347 1157
1 7522
7 5332 798 71 3957 8202 6355 7953
6 1146 9528 5072 2773 9484 7820
1 9693
5 9346 8809 3277 702 7789
1 3638
5 3147 8679 5604 3081 2145
4 8788 7152 7393 4929
1 3861
3 1027 9253 8331
1 1190
5 1105 9999 2499 3229 1350
5 2866 3964 2806 1705 7307
1 6018
1 6834
7 3291 4022 4898 1659 5232 7496 1507
3 2486 8934 7917
7 4520 6382 3297 4015 6214 5293 2617
4 3225 9986 6384 2865
1 835
3 7075 1652 3643
3 9418 2298 1473
5 7684 5589 1882 7408 1645
5 1246 9663 2876 8113 1446
2 4868 7264
4 7506 3733 6631 2508
1 766
6 4467 1789 4763 1847 5020 1254
3 5780 6226 7989
4 8553 8913 9004 3517
4 310 7997 6465 7192
4 4588 1586 3889 2221
1 8330
5 7453 3178 7368 6769 1408
5 4838 5141 6725 6917 3286
6 1973 1713 8230 1056 2840 5244
5 3362 6855 905 4127 2664
2 3088 5842
7 7913 6319 4191 940 609 1935 994
1 2620
1 1998
3 9249 5821 3313
6 7108 6499 362 6817 5531 9259
4 1922 8946 78 4042
1 6143
7 1874 3508 25 3330 1333 4054 8501
1 3870
2 1140 2172
5 2015 229 9644 2202 1020
2 8047 7391
5 1061 1289 2070 7878 4157
5 3230 5705 3741 9567 1153
3 943 3020 3185
4 6583 9642 1456 7371
5 7779 3774 9609 1341 707
5 9019 7854 8389 5840 1293
6 4717 894 3552 8473 3492 2516
3 6610 3903 9960
1 240
1 4949
5 6238 7068 7688 6761 9404
2 5979 9533
1 4325
5 8719 1016 1808 7242 1961
1 1284
1 1018
1 218
4 1956 1385 6840 3289
5 4644 1821 1285 762 8893
1 1022
4 8571 4811 828 5616
4 7346 3388 464 2038
2 923 7641
1 9910
3 9914 1087 2203
1 2448
1 1546
1 2709
6 1529 8632 8251 8923 5536 8499
3 641 722 5449
4 4317 2615 4286 3836
3 2177 5272 1425
2 9740 1009
1 5254
5 2541 9541 446 8666 1086
1 7458
4 1785 251 9146 3478
2 5975 5404
5 3729 8975 6614 2487 3322
1 3367
1 8000
2 7655 644
4 3086 879 6104 7705
2 5573 5190
2 5985 5294
1 4604
2 8422 9648
1 2265
5 8758 8982 1699 4901 3458
3 2099 5883 8046
4 8111 8278 6603 2862
6 7862 613 4100 7899 8411 2868
5 9913 4629 8397 6241 1306
1 4321
7 4048 8200 5828 9862 8561 9211 5078
4 1002 2593 1579 3259
5 2751 264 5000 7410 7742
5 3193 9601 1367 2815 8572
1 89
6 9449 9372 8780 329 4735 1809
1 7376
5 233 1356 3688 5850 5592
4 8878 4052 2032 1300
3 174 6518 9336
9 6745 39 1676 7153 767 6114 2998 9398 9281
1 3288
4 1143 1118 8891 8414
6 5562 3389 4774 831 1204 1060
1 8994
3 5742 1322 4614
7 6744 693 5997 3702 2155 4432 3838
8 4352 7483 350 5851 9585 6470 8837 7160
4 9864 6441 2936 1288
1 7432
1 2669
3 5281 579 4374
7 1206 6548 3516 581 4000 7623 6870
7 4948 1776 549 9920 7767 7146 669
5 7383 1682 8726 6229 6487
4 1695 5533 1623 750
4 2717 8139 4753 4972
4 9049 6015 3703 5174
9 9579 8373 2777 7599 8240 9184 3959 6350 5179
2 3705 4678
7 7379 4559 9754 2619 5597 7467 2650
9 1194 7113 636 7528 884 5197 1180 685 764
6 5919 7280 7947 2858 9756 4563
7 8599 600 8845 631 8508 6999 4091
4 4836 8929 8201 3712
7 768 9436 8244 2747 5653 836 3883
5 9489 2125 3624 8622 8365
5 1037 7844 1400 926 5361
6 8546 5317 742 3008 4320 4700
5 4065 2710 3027 6320 6127
5 6600 6514 3014 1185 7509
7 908 7534 3650 7753 7784 4140 9024
9 211 1459 249 1610 7056 7930 7524 5758 234
7 384 6692 4950 5621 4069 9831 3880
5 1269 9750 8949 73 3941
2 5914 1562
4 389 8704 6019 8907
6 3767 5255 4936 438 4599 9380
6 3161 6072 440 7053 8526 3431
2 7600 2509
9 2944 5679 6200 7940 7703 8935 548 6795 2755
4 3272 9257 8838 4197
3 7196 8119 7105
4 4523 4084 129 4241
3 4390 2822 4577
8 5245 8245 584 8661 4412 1615 6291 1636
3 3252 488 4799
7 2981 3163 6904 3315 6158 1878 144
3 3028 9599 5048
3 9451 6032 9849
2 1015 3749
4 2359 6914 6371 6524
7 4450 9109 2678 8568 18 9739 8740
2 8433 7937
5 3751 5909 4373 2983 3931
3 2007 6087 431
