28 45 8033 9191 9925 7566 8740 7636 4442 6922 2101 675 6359 4575 8912 5514 4293 9051 7072 1720 1058 272 5414 5922 9576 5633 2881 1954 6835
30 6428 4523 8724 6154 7979 9224 2914 9963 393 9184 9457 8904 9910 4136 1244 1642 6895 5001 9070 9641 454 8021 5145 5019 1790 4877 2712 1369 946 7577
31 9475 2446 8561 5008 2000 3064 1267 2126 4309 3741 6747 6535 168 3797 2610 709 2761 8796 7615 8276 1224 2131 4686 7940 9684 6579 2796 1316 1288 6435 7460
32 156 9159 377 7793 6970 6382 2930 208 2608 3830 6550 4306 3313 4774 2946 1948 7612 2666 4280 4955 5614 4853 6132 1432 8157 8739 2197 7746 8830 4890 5029 960
30 7138 4078 5069 7922 432 375 3267 941 3651 5570 576 8794 6849 2465 8915 9796 379 8414 2174 774 7786 5339 114 5039 3045 730 4762 8574 8470 973
32 4467 2851 8184 314 9797 9079 3405 5542 8006 6395 3647 7812 8894 6590 5024 6684 7948 9716 1832 2110 6288 8198 4159 7814 8229 5190 6289 3369 2094 5543 2850 8964
32 2584 4661 8468 1556 288 1049 4573 6379 1592 3803 4444 871 1104 1825 9007 225 9207 7167 6453 5394 6315 1523 8868 3000 155 2655 9004 3527 5466 2911 8683 7326
32 2995 9145 4141 9887 551 2933 2767 6278 3318 572 7278 4938 1032 3330 7939 4456 8352 9261 8901 4258 9276 9624 9316 5179 6131 4013 9036 8045 4584 7617 5562 6202
27 1769 3384 9942 6664 2555 679 4734 4341 1020 9921 7785 345 7696 3271 263 5419 8233 1252 5979 6805 5243 6139 6745 8953 5375 7608 7534
30 1566 9913 5914 4957 4622 5705 7406 6128 2728 739 1269 1526 4720 2878 1771 2185 3129 5081 2521 9758 4846 6047 2875 8433 8770 9788 5787 2291 2809 7559
31 327 8090 8364 3656 2012 3953 1907 1441 5376 4348 3865 9363 9593 1935 5600 9672 9616 3499 4470 6045 8973 176 6831 206 6501 7520 44 9642 7789 9330 447
26 6198 2600 6897 7015 502 9130 8204 2394 525 3228 387 2973 2845 8732 903 7353 8186 772 6529 4920 622 7551 5650 1079 2786 9204
34 8103 333 6885 7313 7787 4660 7191 2051 9777 6500 1344 7356 9660 8025 5603 872 7429 3879 2551 153 5956 8534 5464 4475 279 3140 7391 7892 735 8174 9934 6637 1738 2497
27 1141 4107 1424 3579 3855 663 5726 6618 7054 800 5235 5413 2114 1392 2278 1050 9647 3615 8692 3178 3307 8088 6688 2703 3962 5257 8114
32 6599 719 3145 9038 3772 6935 2756 5680 8992 7910 7379 6944 2176 4665 3606 4689 628 475 9757 9596 9017 4894 3093 3032 6517 7754 6838 3547 3457 7772 503 6014
23 8598 5552 8121 5903 479 1745 2395 7381 1996 9395 5053 7703 7610 560 4914 1355 1646 9514 5232 3649 5374 5551 7162
33 2870 6340 7205 9336 3333 9052 1465 9590 2154 8365 5772 4325 6847 4833 4290 5118 8384 664 7033 1173 762 4261 8303 776 1949 6592 5624 4061 1333 3906 9968 2810 6906
31 7914 7337 6265 1139 3866 3557 6779 7338 5862 4577 2735 1395 140 3415 1401 6321 5622 2972 3046 9480 8525 8048 5762 1506 5599 4927 8979 4735 9580 3530 7688
28 7849 42 1595 1805 3 8701 4395 9415 4432 4062 4657 6814 5411 4074 1664 8972 6877 8827 535 6987 6071 9657 7052 1518 1361 2907 2925 9770
31 4891 1572 7297 5245 874 5116 9115 1787 2242 5887 2624 6185 1899 6145 3241 125 8621 1439 3639 536 6775 3394 7749 8357 8905 1869 8058 6059 5285 7997 7908
14 2717 3511 5557 656 6402 7295 2049 7158 8808 7411 5231 368 1350 900
29 2805 9054 5113 3264 1250 7436 8957 9272 6215 3215 5028 7522 642 116 3449 9411 8124 8764 5013 6689 5927 3566 4508 5902 2248 6503 7435 6947 3554
29 9392 227 3914 9836 8277 9391 7691 2489 8541 734 8628 9216 7701 3568 6147 4112 3535 5331 4842 6314 7716 4308 5824 4265 2115 31 4590 4707 2630
27 6430 8128 8927 8875 6262 6551 662 1839 8040 5297 2050 4212 4417 3108 2949 4509 9671 3244 7582 4333 9496 312 7453 621 3328 2814 4901
32 6440 7426 2414 8710 487 2526 2841 4355 9356 4692 5105 6860 5314 4028 3310 710 3700 7882 8498 299 1578 6505 6381 827 3689 5981 6040 262 8165 4699 2556 2611
28 3636 9957 9202 1410 2860 4697 4530 9554 4446 8511 4374 8892 6429 2534 8341 7013 2447 2272 6555 1384 4859 4624 732 2667 9023 3589 3769 8696
30 5919 6982 4169 4535 7151 8584 9504 134 3243 1602 1423 4728 6454 5913 8963 5135 604 2034 6768 744 6827 1164 2787 5140 4681 3015 9563 1255 8412 4625
30 4804 688 4632 1590 7742 5416 6105 5170 5739 5802 5045 4497 3817 510 189 1494 4669 1840 7365 2270 8113 9171 1755 7594 6489 427 5161 7934 3444 9346
24 3187 9485 9939 3784 7190 7776 2502 1176 5015 6398 5356 7546 7999 5495 9597 7403 5892 9472 1017 9766 9099 7729 4345 1185
23 3831 7735 8447 34 896 9095 1622 5309 8821 1544 5808 7431 8095 8087 884 8259 9083 4850 2095 1115 4552 9018 6135
29 1999 1817 4766 1860 9612 3164 1760 2644 117 1354 4500 2943 8222 2056 7893 8283 9040 6724 5415 463 9137 3115 1019 9948 3938 4412 9916 7066 5690
29 8450 5325 1060 4944 130 1053 5945 7086 630 5163 5168 363 5781 6252 9218 9287 7623 3461 8242 8587 2625 9239 4939 5364 3717 4872 8941 277 2980
27 6261 1466 1035 9200 7516 2141 6242 5580 80 9084 3086 3850 3435 6388 729 2882 6594 8226 6034 2773 8888 18 6141 3936 3305 2936 6787
31 9180 5370 3482 8017 3306 6444 1604 6826 9725 3018 1301 2547 9332 1003 9135 6996 5426 958 4893 1073 9897 4269 6144 1989 5225 8788 7923 2776 2143 6061 8670
26 2822 6042 8111 2310 5821 1683 9089 6585 1929 58 3723 7779 4438 2173 8056 2827 9578 7469 2443 7486 9865 2567 5491 7123 3334 3810
31 9106 2182 8657 271 3867 9076 4248 5671 9315 5639 2788 9634 5501 778 3456 8334 844 3896 4549 3204 8313 8839 7550 9313 876 7644 251 8077 1323 9544 7260
26 3104 4794 9131 906 7147 5706 2762 4134 6276 4262 4598 815 5485 3552 2684 7495 9125 5203 4537 7498 2778 3930 843 9991 282 1099
26 6570 8607 8152 498 1835 5226 4739 6304 4394 4588 9839 4582 5497 7712 5716 9588 3927 2473 1075 3564 3309 821 9924 2844 655 5486
28 5254 2381 1062 5917 2469 7952 6634 8532 1253 8211 5509 4564 9010 1853 5519 8529 3928 5617 6087 707 3691 5932 8393 4646 3207 7631 5042 7936
33 3353 395 3833 8481 6889 229 7667 2468 1245 9310 9267 8593 4178 5963 394 7025 9552 8942 1391 7218 7848 9511 7325 9319 9206 4613 8510 3727 4702 4352 2985 6133 7649
30 5876 2849 1753 5608 3643 8282 5005 5797 9494 1784 5512 8469 8055 7039 9871 4425 9430 4815 5806 3408 6839 6285 3597 8998 1628 6751 8043 6524 9918 4678
29 6808 5147 5503 5553 6374 785 1095 7110 4672 9954 4691 972 7525 8939 3759 9381 635 6396 6725 3031 5858 1703 5792 2376 8994 6932 5844 3633 4747
30 9151 7136 8085 4433 4507 9175 9816 9241 7375 1810 3176 5059 521 5249 1126 3065 1963 8597 4750 3571 4299 6964 2023 1357 506 6702 2065 3289 7270 3952
28 586 6190 726 9951 8547 5456 5436 5351 7028 2917 1310 1516 9793 5661 4410 918 7199 9325 6807 3885 7624 8086 5623 8719 7029 1991 6663 592
31 5482 2550 5889 6623 404 2339 2359 4298 9880 2937 7835 7305 3298 529 3094 5767 669 2462 8843 5357 9701 3967 136 2317 186 4510 9582 3406 7852 3918 5707
30 2038 5354 6683 446 69 4050 2295 91 7024 2835 4504 5000 7237 5427 7702 5943 2631 1495 4453 2460 7095 9373 4283 7139 5158 4291 3057 2481 2956 2894
28 9696 4989 5206 5997 7543 8765 8865 6686 380 5822 1852 648 5701 3795 3390 1507 7310 2951 2945 8900 7571 9744 7224 9335 1714 5471 6732 4188
33 9738 3440 601 8948 3701 9352 5826 309 8012 7117 8249 4885 9889 8067 1460 907 9769 2204 920 733 2216 2333 2402 4972 2628 6109 1586 3478 4367 8782 5918 2493 1773
29 4260 7222 4481 850 6237 1588 6816 5556 8322 4864 9548 7706 7554 924 6484 6414 9673 6924 2407 6739 6734 6241 4270 3614 1798 2999 1928 7996 2423
26 1134 6319 457 350 3811 7482 4093 5433 484 4193 465 6609 8008 1144 406 5230 7515 8210 5098 1702 8580 9476 8195 8774 2587 7010
31 2234 3153 846 5213 3903 3954 3036 62 2950 720 8483 1688 3055 123 1952 5909 4317 9617 9469 2806 9345 2580 5929 8030 8065 8169 7711 5569 7371 2530 7341
30 835 295 4349 6595 7458 8872 5251 7668 3997 6295 2281 2654 3743 7355 322 9458 4748 7075 7378 9893 588 6678 2438 6316 6887 6324 6181 1010 4832 4871
30 9670 102 9194 6214 7694 6961 5460 3122 4948 1770 8389 5976 70 9029 6085 6811 9455 3605 7236 3184 3822 3485 7627 4445 8287 6911 894 7152 7741 3748
32 1959 724 4765 3598 9669 6504 232 9546 8292 1549 1089 3608 3631 3839 3502 7114 9355 4328 1117 2321 1291 1850 5745 8209 8449 754 2269 9542 2189 4556 6898 647
24 9049 929 182 5751 1197 6481 9456 9107 5878 9737 7847 4127 8107 8459 7685 5743 2575 3994 5665 7517 9947 2716 8151 7187
29 1179 681 9742 6001 8850 5127 4607 2701 9856 2748 5293 8689 4130 997 838 1894 3102 5174 1931 348 9028 4563 9486 8902 6022 2627 4913 4058 2254
27 4611 3877 2793 854 6474 9515 6966 1521 4116 7955 3364 1444 5803 8482 2617 7307 3512 3602 2029 5572 4863 151 1687 932 6076 2620 5470
27 7584 94 9791 8781 3350 1600 6912 8417 3103 8263 5769 3166 6918 5404 6763 5817 6026 7126 7630 8757 1208 8427 3135 1281 1105 2594 124
29 6975 816 5324 40 6150 9484 1283 8970 4251 4562 7415 5584 7873 7007 4986 5075 4167 6119 4570 4541 658 3924 6080 2729 4222 9320 2306 1875 9556
12 820 8546 8983 2005 6113 8421 8178 6112 1525 8004 4712 1289
28 7678 286 4122 3316 1422 4123 1131 4137 9990 925 4520 1228 359 1128 3888 3897 2111 4780 3690 4663 2347 3374 4741 8736 2706 556 5635 7722
26 3491 3968 8492 1909 3582 2013 4567 606 9183 4117 8486 3398 8245 9664 6025 3807 3894 3211 1456 1090 3338 6355 2883 9767 6157 4690
32 6507 2648 1364 5529 2350 8445 238 473 2774 980 7105 5530 3315 5289 5974 7043 947 8713 2740 3596 4787 4499 9000 786 9379 8632 7972 4271 2523 287 6974 98
29 187 9832 9215 1359 4870 6509 653 5783 2301 9439 7748 6331 3774 6171 4092 4583 6757 2372 1511 1 7003 2665 8452 3087 3627 7166 5678 2349 9643
32 3039 9321 9246 3991 6765 4 5423 3118 3225 1342 8460 5900 2286 7275 9092 9300 1847 2893 3389 6323 5741 5272 8563 1116 3397 3561 3002 1583 2721 5430 5372 7414
31 4960 5233 8969 7894 291 2746 6580 939 6919 789 3813 2260 5106 9370 7321 7586 6540 1736 3805 912 1624 1729 6019 7818 6774 6 9025 6153 7002 3826 6806
30 1826 8039 4166 1067 4824 9150 1932 1836 6160 3229 5592 4952 858 9118 305 169 2658 3013 5385 3539 8 748 8748 1912 661 9667 3710 6673 2386 9941
29 5266 7418 6475 8733 9454 289 3667 7541 7755 3069 594 9482 3020 5451 1070 8190 6306 4648 3261 3714 6346 7274 5452 695 7595 8845 4698 2585 1778
32 9053 3042 612 1285 5815 8261 3949 8572 6978 3156 2595 7816 3273 5834 249 2632 3747 8051 8614 324 7879 7373 6870 6081 542 5709 3081 1279 2514 6821 8514 3143
30 8220 1788 9933 5612 8693 3332 3669 9583 7483 1007 9771 7345 8616 2833 2939 6365 8221 3113 5672 4595 9512 3966 242 826 9557 3196 9045 7319 7654 2103
28 2672 1415 9227 5349 8162 504 2782 7296 177 3675 5647 2255 3127 6508 1308 5540 5755 9487 7262 8767 9102 9402 1372 8811 9710 4791 224 5255
28 8453 3235 2152 3623 2918 5784 4185 431 5070 2011 2656 92 4713 5972 1382 9174 4372 5697 1234 5328 7905 7220 4320 5813 5734 3366 8167 2149
31 2734 6130 8404 4797 7329 2570 8936 9874 6411 6286 901 3234 7291 8089 1880 6206 6721 3401 6998 4623 7129 705 847 9541 146 9623 8343 5907 8596 4339 6730
32 8858 482 2795 2777 3932 1429 4408 4278 5157 8256 194 5384 3110 4591 5441 3923 6345 9935 2187 6802 6400 9928 3973 154 2196 9225 9181 3687 8846 4257 8360 6413
31 7229 7216 108 8464 6516 7430 9329 184 6979 1620 7472 1000 3846 5200 7509 568 3525 7499 7438 3790 5931 495 6608 6855 1031 3729 6929 9474 3956 3555 6575
31 9814 8207 8431 8949 4710 6322 2710 2238 141 9006 6412 7802 8413 9618 7104 5581 8780 14 1403 840 5708 9521 4216 3593 6602 149 8219 7050 6722 4254 4978
27 2603 8141 1746 4239 2614 6313 9721 1414 7751 9324 9970 545 8721 5854 8630 3657 1918 3004 6372 767 4484 5300 1978 4984 1428 2804 5211
32 4322 2198 1040 9940 5566 1390 7728 4795 9406 4385 4831 5490 532 6999 5828 3368 8149 2324 2714 1848 1502 9611 9432 8212 8173 3947 1718 6943 6169 2544 4940 2296
30 3875 8568 4503 6493 7976 2768 1300 4273 5343 6872 6225 7531 8604 8332 1145 4312 9852 8758 5692 3621 5321 3862 8010 3688 692 8559 3092 1150 362 85
29 2150 6424 957 1491 7864 1124 7790 7185 9989 2337 5969 6015 7071 7983 2685 7388 9800 8550 8373 4555 3253 3737 8208 28 2117 6273 587 2059 1864
29 3832 766 2399 7279 1016 4030 6616 7840 4880 4174 5597 5480 223 6114 3175 7853 2315 803 285 1273 8064 1155 8485 2328 5261 3583 637 7978 4131
26 2921 4935 90 5492 6655 6407 931 4460 8505 1747 6878 643 6743 3650 5493 1265 3569 7051 7954 5358 7360 5629 7413 1967 3645 9802
29 9888 9360 5952 7394 8950 4784 3731 7538 9648 2289 2722 391 4401 1585 7308 3382 6450 2508 3799 1789 4812 1619 9711 3995 1877 6828 6667 9383 6422
30 9058 4949 6879 9804 1890 5313 590 8873 4799 358 8013 8889 8755 2121 9279 3609 1272 1346 5186 4837 5087 4245 4968 4036 809 2257 9987 7921 7165 3082
25 7674 9445 1348 4068 9592 1260 768 9229 5177 7660 7390 4579 9012 5405 1796 5265 6418 7556 5643 7181 2246 7083 9269 9265 3634
27 13 7855 6796 9699 2396 2966 4730 7988 1888 5366 9526 5791 8035 2237 6644 9513 2941 3342 6031 9305 880 464 2422 6447 9723 1533 5723
31 5832 2765 2890 1205 5207 3845 6710 3348 1174 2562 4363 2522 9983 1920 3695 7112 4776 7212 7081 7231 8643 8496 8301 4849 7933 3910 8554 4995 937 5021 2504
30 7653 3198 9117 5898 3763 3291 2677 2375 2738 530 4055 4489 4990 310 6951 8255 2671 361 4645 3248 6023 2605 5995 9569 1277 4666 2385 1891 5178 5644
32 8424 1204 7708 5511 8624 8193 4181 5022 9622 190 5510 4542 5175 6693 2520 5306 3441 3495 3343 7834 2910 424 6691 5871 9114 3613 7490 5764 1765 8060 1690 8618
27 4119 5955 8432 7698 7323 6681 8681 2391 2771 243 4388 7925 6648 7941 954 1052 6530 8519 1640 7204 9167 8606 2691 9828 3101 7537 2623
27 934 5326 1842 6928 2755 2747 2519 7239 9619 9308 3392 1172 2314 751 6220 112 649 4441 5754 410 5715 8763 6013 4197 2807 1367 3818
30 1587 4494 8386 9506 3396 4126 5883 8285 5587 1802 4031 2076 5063 7682 8560 5268 5958 5628 1216 2650 4781 9245 1953 6858 7601 9112 5559 5054 8387 9255
30 2209 3860 4057 3698 6790 2352 3847 5079 1944 3341 5704 2802 4687 7370 5691 6291 3026 4676 4525 1341 4202 3142 7446 2002 1110 1731 9886 6883 7362 5392
30 7318 962 9443 5583 1779 4436 4144 9549 2018 794 7931 4929 3925 9502 3834 5664 213 4488 1616 4406 9807 4626 9479 11 9221 1958 8061 8374 7194 2338
30 5062 1670 2769 4386 9625 7572 8454 4452 7671 8466 1647 334 3095 1621 533 5546 4843 9587 4498 1803 3789 2461 9603 1005 9020 8803 205 3074 4963 7264
33 9168 1377 4754 5156 8130 9268 2873 9540 7915 3427 9658 4726 5440 8907 1934 3321 1103 6072 8295 5487 6965 9726 9195 5563 162 3165 2282 1347 7518 4224 2444 2134 5921
28 3448 8074 8910 740 1009 1735 4194 290 2509 2891 5766 3011 1223 2970 1876 2484 7975 4861 4806 3787 8275 614 2427 651 7100 3226 824 9343
31 8099 5535 7529 4717 8053 7180 6341 1904 4953 8262 2320 8215 7645 5290 3705 1856 5443 4727 8319 4070 1743 46 7420 7182 9789 6659 4531 1486 8743 8768 9932
29 3902 8394 528 5153 3844 9974 408 902 7745 9500 6997 5852 6129 866 4365 3400 6940 440 2344 1101 8181 269 8252 9201 978 3311 1270 825 711
31 9714 9764 8125 1066 3735 3455 3722 4703 5506 2142 7743 6318 9964 6213 3199 6483 9283 5648 3109 7425 72 5891 9843 1331 6661 9953 2709 3173 2895 1665 5517
32 7782 4581 2332 3640 659 7116 5654 1004 4809 1725 9274 5793 7672 3290 1962 2082 4351 1598 3837 1033 5733 3372 3017 3658 293 7101 9523 1181 575 1540 1315 6405
29 1579 4390 276 1700 1210 1430 9909 9235 6538 9270 2243 1548 8813 7459 8066 7058 4421 9047 7189 1471 1884 9026 3413 7339 195 2718 65 1399 1793
29 8097 474 3693 2524 1499 3266 53 6099 5457 252 1519 9375 1493 8824 7589 2984 965 9681 5594 490 3999 7497 7140 7868 4020 5593 3138 6235 7471
28 2368 4052 2766 9743 6864 2574 7163 4110 5429 4168 67 5080 3269 7493 66 6204 461 5554 1649 6165 469 9652 8940 2962 6490 5609 1136 6088
28 6950 4951 6030 8234 3610 899 6244 2179 5843 3336 5279 8801 4599 4813 8148 449 9077 3327 7283 6122 142 9539 1061 6251 5937 7246 119 819
22 3423 9986 6473 7455 7473 4533 8899 8115 8142 8490 8759 4492 7874 1617 8014 9819 8542 2510 103 5698 3829 7021
12 701 7233 8401 6962 4305 5636 913 6645 8102 6281 2501 5033
30 2635 7277 6021 5149 3679 7699 3898 5126 1750 8488 6436 5523 3508 8832 1034 1451 7053 4970 381 2319 4879 8856 1324 1107 3655 7734 2885 7156 9882 8636
22 746 773 2763 8296 8507 5219 1029 1726 7172 4149 5573 5060 3245 4854 6194 8411 3498 7602 1937 8105 7294 3116
31 2922 2163 8440 7358 1520 8273 2137 2058 2129 2322 9314 4958 2760 3975 1091 2817 2256 5539 4118 1366 9911 4876 7686 4173 5305 2964 6577 5032 2902 8216 4916
32 5371 3240 2202 8134 3201 5999 919 489 185 4315 8274 6263 2986 3453 2017 3585 9359 6611 8996 2379 8271 1087 1510 6070 4620 1447 6631 7281 1385 8978 8443 7774
30 8849 8246 2785 9646 7744 5086 163 3195 2303 7614 8253 39 239 8925 1135 6462 2226 1225 1741 7333 4899 2366 6370 4485 4255 1800 891 2067 9607 6216
31 4768 4671 1365 5345 273 4156 949 8410 2797 7078 1039 1643 6354 8861 6941 5962 8871 8688 7514 2181 4357 3445 6458 315 7687 2360 1815 9113 6513 9431 4300
29 175 6257 9992 3950 2353 402 9078 4017 1317 203 7000 1742 7157 7588 9996 8031 613 7476 6127 3052 8785 8163 5558 6335 2976 6506 3816 8402 2155
27 8057 8961 9695 5237 2186 3671 4788 319 3604 1767 6344 6856 3941 3409 9659 247 2045 6896 9926 9449 6986 9686 1594 1943 24 7399 5638
15 5959 2485 9776 8671 5034 6401 7451 6771 4326 737 9900 8682 7965 4418 1648
28 6423 7781 1956 5545 6255 6299 435 3882 111 7484 2720 6646 6892 2225 6607 52 3162 3263 2871 4102 3990 783 2383 3946 4811 3931 836 1177
30 6056 1717 2711 6610 7982 6005 8746 7878 8506 5278 7062 868 4375 5894 1829 1458 8610 5447 6050 1845 5923 1159 7530 5872 1997 3214 1975 852 1484 5240
29 2758 9858 2855 2 9129 1025 9242 5125 6553 3648 9835 4519 4892 3849 9389 7557 2872 1047 4043 7428 1970 4606 7302 6066 3841 5812 9080 5915 5988
31 8078 1512 548 9236 1863 2144 1794 8050 6793 8458 8325 6434 6018 6701 3061 6846 3886 8773 5631 1955 6193 6118 7862 4121 4505 4008 7970 4895 3970 6546 3767
30 8946 1752 6578 26 1278 1776 8756 3326 2983 1797 7209 1867 2705 1262 1314 4471 4335 9560 7273 9985 9199 8069 8079 2905 2638 181 4820 2075 3529 6491
33 3183 9413 1599 3856 417 2640 1178 3275 1547 6866 2679 1219 6606 2100 8967 2066 4749 9959 3692 4054 7578 1591 657 9639 1699 7895 9620 5294 1939 574 8784 9109 9307
28 9601 9446 7638 968 5051 4942 3558 4004 8974 1849 7906 1695 2019 8886 639 8908 7836 8702 2026 6900 1476 9638 7073 6619 9041 1615 7697 7886
29 8044 4303 9075 9755 3259 1264 220 6990 5302 3802 323 6138 9728 4696 6137 2759 9197 7155 3085 8705 2831 7389 8622 1716 9805 3355 5712 3403 2217
33 3922 7613 5528 8919 5668 1448 4867 1542 1917 4874 3678 1431 4945 5998 9833 4423 4779 6904 1571 5154 4404 8054 7507 5722 2210 5316 441 3237 6921 4518 6626 1212 9138
30 9822 9340 2090 188 2858 7416 4005 813 6267 3465 4889 6531 4032 8611 9311 2645 5006 6841 2568 9896 9396 6934 6825 3022 3219 6366 7090 321 6955 511
25 3873 9447 330 4458 1325 2212 2801 5435 2136 425 2132 3250 5037 8023 9266 1006 3900 364 6467 10 5677 6660 2441 6960 9404
31 577 9440 553 2693 3746 952 9462 8718 8154 5074 6690 7284 8815 4835 7118 4277 938 2692 7210 6083 3089 5421 3230 7445 9903 5359 196 8582 578 4767 419
31 3155 7545 7569 563 4311 3744 6657 6007 4472 7592 8182 9818 2924 9704 1489 7532 7953 3437 494 1376 2488 6232 7634 4198 6926 1527 4369 3940 9398 5481 9799
30 3766 8472 1339 747 7026 6073 7679 9961 3904 2083 3791 9821 3360 4546 2683 5114 6432 2292 2660 7433 3969 6662 8388 632 1834 5536 3652 7839 3080 7207
29 1965 436 5721 3987 8906 7957 704 3040 8828 261 6357 5412 9655 9081 1914 9290 4737 6628 2886 6558 1463 2476 8160 4416 8117 9064 9358 869 7899
30 3709 3704 1196 7042 9785 9139 1923 8176 4969 3780 4289 4888 2590 6460 9222 6182 8378 9666 9830 7292 8571 8138 5656 7452 6209 3459 8712 8305 2968 9354
29 3216 23 3534 2916 5855 5724 9165 6427 9892 3905 5700 4241 4544 7059 1650 7792 6591 623 7778 8656 1251 8342 4176 3111 7791 3522 6737 4771 3399
28 4182 2086 9104 5185 1442 4629 73 5201 2433 3654 9254 5906 6674 109 8038 7276 5409 5498 8444 9230 7057 1514 4210 7287 1470 467 3008 7568
29 3363 27 450 9632 2965 3412 5478 7467 2247 4457 8150 6989 3407 3721 5840 7088 7757 407 8155 4399 1065 1078 6801 6899 5819 453 3467 6149 2783
30 4466 3827 6959 3044 4455 2147 4903 3541 5396 4190 5763 8877 7423 527 259 7919 2348 3370 3193 7103 2490 5469 4816 6917 6317 2261 6358 3161 4256 3107
31 1574 9692 5984 6416 2252 2343 4314 2439 7896 9675 5355 4334 9545 4344 5579 5761 6772 3674 2821 64 2133 3945 6297 8923 2503 6981 6431 8018 8011 1327 8392
31 526 5939 5653 5483 7575 9027 8500 8328 7240 6675 7419 753 2412 4612 6176 5027 5477 4700 9528 370 6589 4208 3624 296 9661 7683 3354 1022 4353 6952 2994
31 4852 1387 6245 4318 7084 9752 7974 9467 5010 9425 9690 4782 1524 3629 3806 8329 5971 4125 7994 8367 4016 3792 7434 5250 5776 9065 7770 9894 5618 5365 6511
27 9014 5383 9366 6125 5052 1998 9240 5183 8943 4515 609 2682 3889 9595 1887 4557 6120 9429 853 2455 9879 9950 1538 8935 3451 9349 2528
30 3387 2803 5555 9039 3331 4053 216 7441 8441 7045 4163 353 8844 8722 3446 3753 3073 6884 6487 9144 864 5620 8557 298 7306 4407 4580 4548 2957 3517
30 6229 8406 8934 5247 1554 605 5867 3090 2021 8642 7462 7727 8191 3488 2811 5720 3616 4240 5989 3728 6199 7254 4729 2784 5101 4615 6397 1027 6598 2507
31 2139 9561 3972 736 3518 6869 8937 9955 996 9870 2558 6210 4266 4179 9792 6426 2326 4693 7591 8921 2598 7780 7669 2934 2336 5408 2264 3959 8070 4866 9895
19 1813 4397 4088 6168 4195 6470 4477 775 1195 6064 4007 5576 7902 8323 4884 6533 9293 966 2406
31 654 9213 4259 7581 8540 629 2569 8913 3858 8793 3304 5397 1309 6238 5428 8509 8650 4332 7909 3869 5399 8156 7826 6468 4024 9318 5946 1509 4841 8268 1993
29 8725 1983 7351 4084 738 1198 1898 1306 1679 615 4281 8437 8231 7740 9707 611 9387 9471 905 3255 5111 129 7501 3559 6011 9001 3979 7850 6865
32 7901 6770 8080 7648 9621 294 3443 3272 2313 3715 2538 4898 5329 2382 3246 4617 3096 8168 4496 5810 7133 6682 9386 7444 8428 699 814 9962 12 1916 5953 9784
28 8545 5377 4046 4152 4393 8933 4377 7405 204 3035 1915 7846 8864 4855 1114 6302 8116 8304 9946 4142 1388 4462 4999 2046 7810 9687 9152 8194
32 8786 3210 8870 5031 1964 6815 1740 5353 927 87 7374 7466 2643 1044 9464 3034 3463 3599 6353 2087 1286 1733 9234 2621 5518 8929 5560 2211 7731 1672 7655 9741
29 8995 1030 3324 9751 4082 8634 4350 2158 8993 9260 7131 3515 9187 9043 6851 3740 398 2453 6604 4731 1922 8635 3586 3948 6916 3601 5845 2901 7756
30 5014 994 687 9459 9636 8549 9825 5863 4550 9853 8668 4818 4316 2842 1418 8338 367 8982 471 5150 608 4211 1362 4342 2694 3859 396 8187 283 5987
27 9890 5336 5942 5461 5181 7980 4694 883 6971 9885 1218 3825 5442 6386 2500 4226 1416 2130 4164 4706 3718 8822 8735 9682 5780 4714 4875
18 389 8579 811 8513 3322 2239 1575 4183 1865 1167 3500 9317 5601 2779 9423 2969 3188 7417
28 6392 2607 4238 4650 3411 1994 7605 2410 6740 1980 9368 301 9466 4743 5072 6930 8847 3880 2112 8312 2159 9945 7998 5173 6308 5092 7841 9478
30 78 1492 3471 5109 1795 5166 320 6652 3544 8289 1233 5327 8145 9278 4160 9876 7888 7437 2929 8300 6270 8600 4755 7659 2559 1404 5276 5736 2879 6804
27 8172 2563 839 9522 2736 9967 2912 1229 3151 1420 1168 6552 1459 2944 4633 1866 6991 6758 478 4991 5544 3426 7154 8981 451 3106 6055
31 3060 4634 9166 2205 1926 1758 9708 7361 9571 1821 5502 4679 9173 7188 9179 6448 4756 7206 1336 500 4439 4982 7913 712 4336 3510 2866 8658 7938 7805 9982
29 4760 7639 3258 9385 5520 4677 132 3619 7038 9376 5350 2913 2900 2675 1838 264 5827 6617 4534 326 148 1026 7092 828 1375 8002 2829 2016 2518
30 4189 7006 8592 8120 1398 1631 4495 7944 8911 1028 1693 9562 7766 8691 7150 4829 5804 8175 8667 2113 7710 7797 9048 7857 7717 9633 2105 2670 9847 7820
29 4065 1130 6600 2305 60 678 5138 8463 8641 3340 7761 3670 4002 2724 4602 1409 5378 5484 7823 7563 8397 7819 897 372 5702 4411 172 8898 969
25 9111 9688 5973 9848 2039 8309 991 2935 6728 4603 7265 802 6146 4738 7684 6394 2676 921 9468 8772 9074 3779 3345 1739 6537
28 4473 3665 4091 8841 1558 4001 1373 173 6874 9854 5119 7950 2178 7989 4373 1606 1013 1710 8230 2688 4932 2579 6909 7119 1227 166 4111 1199
26 3190 5673 5522 1689 150 1777 468 9420 6893 2887 8248 557 4148 2219 1161 2492 4491 890 1982 8852 5016 8197 439 3202 9873 2084
30 3883 1660 7448 6003 3126 9790 5693 2908 7927 2846 8988 6705 1069 9228 909 7130 9292 101 812 1190 9801 5494 5888 6679 942 1580 7991 3663 950 7533
27 4172 7031 3659 9806 3757 8594 3079 8517 8655 1158 6813 7056 603 5220 9252 388 3419 1684 5663 1153 8838 8535 517 882 9615 3285 3436
29 7256 5564 5881 2506 5144 1055 1238 7675 689 6097 59 384 2355 6809 8137 8762 4883 2798 5205 7635 5444 4554 9574 2374 4038 8672 3218 5681 2436
28 6933 5756 336 3462 3907 9097 970 7347 1149 266 7664 7536 1799 7859 5299 3567 8119 2259 9532 401 4810 5649 8192 6832 731 5849 3381 8932
32 1048 159 3681 2482 3442 6421 8991 385 8741 4003 5071 5238 1724 4906 7312 673 7844 2287 6170 2411 5841 5468 1335 7269 3591 4267 8685 4798 3993 8986 2213 4915
29 4543 49 170 9899 3347 682 3297 3934 6795 3105 5304 9497 6993 7973 895 6134 2108 414 2690 7762 4429 6107 7657 4463 374 859 1446 5970 4171
22 2223 9322 7865 7142 3532 5547 4844 9057 8435 198 5379 2300 8867 7813 7547 3223 2421 1669 9863 4954 1313 3048
28 3632 3128 8885 7367 1961 4096 7349 9133 3724 2947 3742 7195 8335 3686 5048 9024 6226 3576 9262 1379 2742 9132 1529 4012 3098 581 3872 1635
28 445 9718 1712 1407 4034 338 3881 4673 4487 2403 1307 1256 8734 3635 5947 9421 4819 7881 8491 9518 1008 7113 2074 7897 7618 7280 8916 4539
26 9435 8896 5525 8239 6817 9976 8878 5281 7549 6544 5732 96 2653 9405 8291 5458 1284 1814 3070 8706 6339 1543 5685 6271 4063 7368
28 2698 8434 6635 2037 3391 7317 4247 2955 7503 1709 2389 600 3942 1068 5982 7808 3276 1426 2458 4073 9013 1318 1686 8247 4682 7008 5002 5885
28 3236 9662 3501 7724 784 8727 4566 3430 9883 6800 9857 2606 6253 7035 4072 2593 6905 6110 2997 260 5992 3577 6782 7332 2308 2119 7593 3808
23 4469 1425 1807 5322 3863 2948 7404 7001 3054 5095 2889 7829 5977 1394 2180 1232 2987 6086 566 4380 5432 4235 8009
25 5260 804 626 2649 2228 4910 6876 2057 2096 2435 7202 9093 452 7344 8422 6350 2445 9509 2726 3483 4907 7396 3653 6498 1627
28 7427 4662 1751 1100 2479 1562 6369 9393 409 8760 6862 8769 9490 2576 9931 6861 8310 6792 9901 8354 3133 607 1930 2731 1820 9071 5897 6576
25 2378 9157 7552 2293 5448 5360 7061 3513 5757 4158 6697 3798 2220 646 6528 3217 9357 3221 5381 88 5459 2942 6755 1522 7775
30 3117 1938 8366 7183 2472 3417 8575 8754 8737 8645 1871 1692 9090 1630 71 3464 2560 2869 1781 4389 8947 6549 9775 8344 3447 9342 1634 8891 4502 2367
30 1472 3452 3630 1976 422 4227 7203 209 4521 619 332 5018 9303 9694 2704 5646 9209 887 7628 7479 6333 2222 2377 9536 4150 3943 2834 7843 8548 8753
30 691 7609 554 61 5516 5117 1293 6519 1340 36 9733 6820 3434 6780 9185 7099 6629 6078 3473 4786 3761 6913 7562 8647 6248 8749 3796 8225 6240 3642
31 6330 9136 8166 9128 780 9258 5796 851 1302 6750 4559 9067 2426 3174 6486 8436 7725 1122 4244 6343 7573 347 959 3864 2865 6478 7477 573 5859 4540 9192
32 7828 4066 5195 7969 6910 9980 3703 164 9182 9851 6567 5035 4443 4100 7247 8842 2464 6048 4656 6124 1656 7963 1561 4675 4242 5180 3450 7508 7856 5774 6264 6301
30 152 4447 8118 3524 8237 7016 4221 1258 2477 1427 373 4153 1319 1490 9367 7692 981 514 3891 8997 3282 8664 3053 7055 9022 7125 806 491 5216 8816
28 6200 665 8049 9754 1969 147 3644 2892 8258 1889 2825 4985 4090 3983 3677 3418 6946 9676 5061 2081 8467 5319 3163 4608 4619 1550 1503 9969
29 5057 5097 6888 8063 5860 343 5424 8235 5142 8330 2647 3134 8639 2428 2032 9312 2364 650 1903 6514 1455 9602 9637 9170 1393 9774 8640 5473 6207
28 6096 9189 3929 1186 8324 1257 8257 6167 3212 1360 6191 1618 8666 6873 2151 5056 6417 4133 1569 5089 9859 4155 2926 5110 8731 371 5410 6148
30 602 1831 8399 5129 2195 837 8293 8494 3587 9781 1532 3362 3431 2370 4992 9763 4177 193 4321 2754 2662 3497 5710 3578 1878 8637 1705 7817 6480 7456
27 2156 3775 5128 3992 9665 6994 6559 2457 7387 8189 2390 3393 337 3978 1977 5825 3852 5139 1528 3200 9433 6569 344 8068 7900 1697 7555
27 5604 2996 8654 7929 8829 5244 4628 236 8848 4079 6256 2923 2033 1452 1171 1567 904 1732 6803 1478 6342 7799 4366 5391 497 5836 8799
28 5197 3921 4151 5574 15 4597 9795 5439 1120 7268 6586 1933 683 1873 6100 7622 8720 3222 3666 935 9146 5155 2454 2533 641 2123 3901 8887
29 4501 4701 4006 4926 8884 8462 308 3299 8528 6515 3078 1002 3121 3010 1667 7271 4027 538 8537 9944 5893 3206 1018 9450 6002 6028 4268 2634 7234
30 6812 4759 5475 3519 6756 5020 2053 2744 3192 8700 2646 715 3622 1761 6228 2741 1469 3359 9465 4359 7160 4022 6290 8633 7583 77 9535 1801 6564 1868
30 6197 2847 5209 4214 9884 6000 4514 3486 8377 7680 8206 5983 2859 6915 4199 917 6653 3820 2899 8984 9516 8340 4427 4296 25 6818 7930 3840 4775 4594
31 2993 4878 6857 3560 8439 5 4722 6446 1127 1477 9056 9575 2897 2790 2171 6696 3458 5541 1611 7632 9644 3935 8521 9631 3838 9878 7788 2268 7004 8631 2451
30 2823 8205 2813 3099 4777 7723 5714 6676 8349 7784 4822 1908 1405 6024 9 1719 4080 7889 6760 5799 4301 2641 267 7967 5538 4381 3734 5489 3857 8629
29 207 7175 810 9966 462 6485 9059 7468 3144 6574 5694 5847 7288 831 7102 6726 9525 8171 2022 6004 9275 9259 1328 8084 9759 2749 3349 1851 2661
27 5634 3288 3361 3302 5310 9190 7768 2919 1872 546 2699 3893 2615 1413 5731 386 8420 8331 5362 201 1782 6560 7524 2478 2828 7837 9481
30 5160 8339 3575 7060 3620 2036 555 745 8001 2001 5023 9760 9703 2818 7242 7831 2527 6376 1763 1246 2208 7198 7827 5765 9291 3239 7107 8792 8945 9827
10 280 9591 1818 5658 5102 703 5218 4465 1326 2107
27 9371 8183 5115 3373 6767 9055 8478 2680 987 790 7352 7009 2165 2546 9507 8158 268 742 6568 4912 2109 455 5809 3120 9866 4419 4087
27 8854 6497 1924 9930 5171 2258 6389 8812 2960 3565 7771 911 7258 9196 9264 7248 6249 9846 1296 8809 6101 2824 4905 5926 3468 7178 75
30 5046 5130 2365 5134 8327 2664 589 9121 107 8316 135 1419 822 6115 1483 1146 1517 9050 8139 8321 6853 6219 579 29 7987 4228 7261 2371 9860 582
25 558 2496 7871 4933 5682 43 3683 2230 8153 8446 539 1636 9483 9683 9653 4860 807 7226 8071 4000 6593 2393 2537 3148 8694
25 7633 7606 2554 8586 8697 4639 9477 2687 6236 6084 9919 1329 9372 3685 4161 2342 5924 8461 3594 7074 4490 8376 8487 870 3870
30 660 8383 4170 2263 3762 4716 397 8093 7561 9338 6069 3603 8552 9739 9845 382 7171 5790 335 5246 5602 139 9610 459 5337 9353 127 9748 8132 3570
30 625 1437 1192 8890 5940 706 792 8620 6764 9531 6711 5578 1023 6378 877 1249 5214 8480 923 591 122 668 9331 7480 5521 4138 6041 4683 9188 7911
28 4071 5388 3460 7752 1175 9263 5307 8564 9943 743 6572 257 4243 6773 2080 2743 8761 998 6850 4928 7920 5011 4468 634 2275 5729 9995 1766
27 8980 9031 4808 5387 5910 6292 5912 2651 5811 8605 4045 2981 9232 9011 9717 3329 6789 5099 3270 9399 7977 6077 6356 2345 1727 3913 9700
30 9581 8644 3169 3027 1275 9033 1076 456 8553 9220 1096 8573 6954 4295 5782 157 6624 4934 2419 9551 508 1984 366 7197 4959 6717 240 7553 7322 6632
30 3590 6062 281 8745 5968 5868 6566 6036 6419 8687 1118 5169 9628 1701 7298 693 6521 9419 5773 2602 3915 5788 757 9063 2177 8533 3168 2380 9838 4331
28 1711 1143 6729 2715 1080 5066 3049 5223 9451 6277 1837 1723 331 7884 1358 6451 7932 3056 9085 2861 7904 9198 6053 1449 8409 1607 1001 9510
31 1109 1846 4994 6699 3612 4976 7488 6859 7369 7111 4264 8122 2062 9750 916 1498 7363 254 6492 1156 1652 7783 4709 8531 2597 7523 8810 940 6823 2456 3876
32 7662 8653 2954 2244 8613 215 5744 5167 6361 841 5407 1749 3548 7990 9233 231 3152 4113 6079 2070 7141 6788 3395 6923 3861 5445 1951 79 6573 120 9782 5208
29 7937 4805 552 5112 9384 1462 221 7412 0 5176 1304 4857 7334 2408 7620 6044 6433 5076 6104 3824 9779 2750 6880 6852 7512 3352 4297 6217 3531
28 7833 9328 9850 702 5333 6556 7842 690 6744 1603 1988 1085 6060 2010 8578 4522 5957 6695 5778 8380 5814 9849 2434 2626 3041 2487 7424 5044
28 3425 750 5532 9787 6032 3139 6703 4387 4724 7629 6456 5848 5839 8475 131 1537 2229 4187 5616 9656 4558 2340 8203 652 7478 9094 5930 7652
30 1925 5846 1014 9378 6520 1042 3205 3420 2525 8123 1092 1754 5830 5367 5122 274 4033 302 248 9875 7506 7565 6548 5380 4450 8110 7223 5621 265 9604
24 5455 306 5262 2241 4715 2531 383 2415 7670 4064 6449 8591 2753 5880 3638 8703 2035 1381 2162 5575 6988 7764 6561 7215
27 1187 352 3899 1421 873 6464 4975 9898 4044 4856 2808 8455 4930 5800 7656 4434 4106 9783 8612 4324 9508 948 6833 3760 145 6390 6051
30 7320 3611 6347 3051 2304 3367 6123 1487 1012 9808 5012 2028 2397 5332 1553 559 7069 6714 716 3378 3466 3738 725 9605 1108 1728 677 5280 6650 7134
28 9351 6766 9803 3281 8251 4931 1207 7767 2120 4376 8426 1892 214 2466 2200 5640 9530 7959 4253 8430 7658 8818 856 5882 8776 7470 2952 4347
27 1641 534 4751 667 1152 795 7327 22 1555 7409 1557 567 430 1774 9609 2387 2307 9730 7398 8806 3358 9101 2093 9347 6442 4585 6588
30 1785 6461 5965 817 3696 7715 3019 1368 9186 8723 7876 7082 7432 237 9844 1094 9729 8975 2425 8041 4653 945 3526 3023 1811 4042 8100 1295 1106 2659
25 1573 3765 544 4480 3702 9407 7036 7811 7596 5438 8015 9390 7763 4838 9046 4143 1757 7599 6723 823 8306 9927 5928 9015 9837
30 570 3179 1531 6117 676 6348 2346 3854 8423 9327 4652 6033 7958 2316 3812 8109 5842 4129 3890 1231 4763 3788 5626 6391 2284 3848 892 9244 4354 8351
27 3660 5136 6482 1756 8471 4887 1854 1299 5911 2511 8917 5533 9116 9280 4420 512 9794 9427 842 7314 5047 6834 423 3699 4517 7804 2582
29 7576 9727 2836 4966 9627 8954 3917 760 5748 9231 6364 2548 3543 32 1137 5978 5531 3884 8429 8674 3736 765 8326 7128 8555 6784 3197 6656 6172
29 2772 1764 1691 7611 7109 5713 2221 3182 420 1545 7336 2040 1919 2004 1046 8135 1488 830 8866 5431 1987 8136 9374 5686 2990 9613 6266 1345 470
27 8502 9441 4803 2166 6027 8897 3388 413 54 5347 4925 210 1535 9323 5252 8684 1563 165 3933 5449 5589 3752 1812 4840 624 3868 5561
31 8551 9248 7115 6250 7603 5318 5857 4358 2194 5434 4638 6672 6976 6082 9736 2739 6837 3895 3231 6443 1582 9142 1513 284 2160 8802 486 6305 5960 9697 8314
29 5465 9538 3339 1675 5598 4636 1677 9864 674 200 1242 1668 6707 2020 1147 7962 585 5775 7673 4704 3550 7504 2764 1500 4593 8484 8037 1268 1911
25 2440 8267 7918 89 7481 6177 2401 2622 5596 1194 8603 3379 7928 183 3319 5651 9473 6089 9680 7714 4287 8081 3308 4923 8096
31 2191 7235 8565 2384 3177 443 8281 956 311 437 9203 2055 3191 9809 5259 2730 1530 1496 5627 8034 6526 6685 8524 728 4362 485 8708 6052 8539 8180 3232
28 4568 3618 9219 4009 2138 5925 6393 2064 472 7091 4101 564 9068 4368 2708 8217 6939 4604 1844 6067 3980 4449 3066 6709 4981 5507 3580 7348
28 9872 8504 7496 8003 4286 1236 2591 2853 5159 400 7815 8859 7830 3778 8279 5346 8960 4103 329 8101 7301 1633 6907 5275 2616 3279 6843 6479
31 2636 3496 6890 4279 6284 979 4627 4282 4524 2233 8476 7942 1166 7877 4382 7346 6670 758 5040 226 6863 8817 7535 1501 1297 8112 7616 6495 340 2781 7272
27 4753 6488 8903 429 8699 2175 2552 718 4882 2877 6272 4448 700 1536 4191 7447 9693 6937 9649 8127 8243 8032 2505 4680 6371 3422 5738
31 671 5944 5908 3005 2578 3680 5610 8569 2674 3912 4997 1226 4823 5162 5073 7491 1054 418 5242 7410 5463 5194 9341 8382 963 3438 5402 192 7214 6842 6121
30 9488 2297 2874 9042 3410 5990 9585 7227 2274 110 7037 8284 5137 1972 6945 4761 6380 2432 2792 6527 7070 5676 2240 4209 2884 1378 4973 9765 9388 1990
31 9141 7047 5595 2512 2003 1644 908 7299 2409 4025 5425 1074 7032 2539 8686 5504 2982 7803 8336 9626 9005 2172 6126 5437 8965 5996 5795 6012 951 3038 1397
25 2146 4060 1862 3295 3380 6731 33 9499 3280 3146 2184 5198 1819 999 211 5131 8800 9746 8059 8951 9348 1682 7164 9422 1921
30 493 7794 3503 8797 8083 1855 6753 8790 3170 4630 6296 5036 5124 8989 6174 6208 5270 1927 9021 6387 3732 562 3509 9306 5286 6201 8516 9164 8062 4037
28 7148 7511 8227 9732 1560 8615 4104 8609 3439 1370 4040 4047 636 5869 1406 4128 1950 2700 9016 3029 5933 9061 4705 1209 6360 8501 2099 531
29 4764 3533 5938 8717 5829 5188 7489 4589 1082 9917 9952 403 412 3828 8787 6698 1088 444 4987 6605 7736 9176 2302 4631 7542 5526 9829 126 9958
29 138 596 2442 4937 9382 6868 971 5446 4205 3158 7304 4869 4428 4294 5606 3963 5662 4740 1584 7943 7646 5866 6108 1374 5582 501 953 6142 697
28 3119 8143 1051 5308 1217 8442 8646 6328 230 1011 7753 5395 8278 2657 6502 4139 7159 255 2164 19 6383 797 1995 121 2170 3083 7903 6279
19 666 9273 721 791 2868 2541 2231 6712 1625 829 488 5025 5085 983 4459 6203 9869 4708 2494
30 1386 4246 8415 6258 7985 7769 9831 4950 8518 4370 392 4921 1589 2577 7077 4157 8200 7676 9998 6195 4770 6095 6158 8985 5515 7705 4346 561 8307 7364
30 9155 3247 9635 2906 9907 6643 9975 1895 8728 7875 4988 6310 6010 7290 8348 369 8599 4482 8269 9337 9009 7034 7169 3154 7505 6654 1464 4586 2007 5453
32 5588 7186 8170 7120 6983 1123 8375 6437 1433 8680 6715 8318 300 4547 8371 3003 6742 4340 8497 3325 5980 9401 3809 5004 5217 2732 9082 9912 2904 4512 5991 9600
31 2830 1893 7335 9408 4834 6794 1203 9350 2161 565 4647 84 5768 832 8007 7018 7564 8028 1240 7064 5920 7821 5961 1966 4733 3842 9134 6798 8298 5418 4644
27 9988 4796 416 7384 9123 8320 7866 7981 356 6037 6914 4383 865 6735 4288 9453 6786 7626 595 307 438 8473 2819 1629 3404 518 1298
26 9543 1191 7397 6231 8833 3716 4553 3573 3984 8588 21 4732 1214 1321 5450 57 2125 9734 8196 6455 7619 399 8244 4674 6680 2791
14 4801 1038 6640 5630 2361 8881 4403 808 218 547 7726 8744 4635 7917
30 5777 1125 5934 8566 6973 1380 1093 4015 8264 8876 4785 8617 7108 6368 9414 8807 2251 5505 3125 9162 4405 9226 2486 6420 6799 3998 5527 5215 764 4576
29 4398 9820 2604 2963 6410 6211 7464 4642 9044 7597 7450 2928 5890 6829 2424 7924 1057 507 5853 5094 9493 7465 1974 9124 5936 5256 6633 5007 8311
30 1408 1942 9584 4067 5696 1681 9302 8791 9437 1121 3320 5311 4021 228 8185 989 4839 8999 583 3088 9749 672 3749 3538 8962 1119 6159 4461 4956 7540
26 9282 7574 9756 7992 3186 2298 6309 7580 9973 933 6399 5202 9122 1673 5688 3549 2449 4744 3626 5719 8777 7544 8750 9438 4097 7887
28 2265 3782 7695 3172 5258 6016 8924 7359 5315 8874 51 9812 4873 4601 5330 713 8129 2290 481 5986 8795 3843 8508 2079 2491 7966 9403 7063
29 993 9243 6936 7867 3283 167 1322 6615 2707 6268 4201 1182 2262 6192 3377 6282 4538 6512 6039 1823 6894 4528 8738 197 7730 3274 8585 1791 5666
31 4974 3628 256 6155 1059 6718 8651 8958 1707 3777 8477 8147 8159 4667 9434 5132 1830 9570 1858 2128 3433 3751 2543 2102 9205 7666 8567 9148 2959 1678 537
27 8372 5771 8027 1614 4476 5210 1593 5742 3254 3545 7122 2826 922 4276 222 354 524 7041 1722 7145 7252 6769 235 8987 4827 6969 1637
31 6845 9498 9361 7331 2815 3292 8726 1222 106 7869 1676 9529 5291 8938 680 8489 5577 6223 8133 5123 4618 8457 4220 885 4409 5091 105 8893 5317 6830 2480
27 3076 2330 2940 7442 4018 1612 2838 2794 3770 3785 886 3490 6178 3251 5567 5389 759 4464 3189 5141 2588 9813 1237 769 3062 2157 5107
30 8315 9417 144 460 7383 5368 7800 9172 6186 1259 360 1045 6098 986 6836 1063 5565 3574 2047 2702 3252 8930 1534 8408 8188 8515 5196 7968 2215 3021
27 2098 3075 5241 5740 8052 421 6212 4083 6630 3637 6581 799 8675 8882 3287 1169 8419 1901 7 6116 2199 8576 3493 3988 7801 8819 6065
31 4904 4980 9470 8778 1505 9761 5683 4828 8581 9149 1248 7407 6183 8536 9365 1661 5727 6438 2312 7217 2118 1230 867 9210 3977 2896 5725 5548 3474 5361 411
26 7851 7642 6687 2418 540 4165 6985 2770 7960 1730 4396 1564 798 2998 143 9424 4814 8863 708 351 2405 5985 41 9452 7885 496
31 6891 6671 4757 9606 2135 4718 2429 7526 9362 8398 2071 1986 9979 292 1280 4098 9091 982 6180 2663 6336 1043 4668 8729 6848 2072 4664 9778 5667 6038 7641
28 4077 7030 4773 6871 9735 3836 7880 2832 5879 2931 2474 6882 8390 8926 1383 1632 1450 9614 3097 8280 6840 8179 8363 8146 990 9971 8715 6614
29 2452 2864 1704 4099 5298 4391 6452 9289 597 3262 7824 2495 428 5994 9326 4146 645 8082 2723 246 1157 2529 4319 5660 4688 1263 3958 6587 9418
30 6956 523 9568 9956 2168 8046 4858 7598 4545 4229 5121 3402 8976 4147 1261 2060 4614 6963 5393 6736 7067 9938 9369 898 37 6761 1881 8228 9786 9163
29 7309 6363 2752 9719 4302 3528 1411 943 2183 4140 9780 3356 3303 2967 5695 5479 9674 6476 7168 1180 7945 1202 2612 6293 2203 8880 4998 6639 233
31 7080 7382 5967 9685 2140 5585 6822 7870 7777 3745 2542 9110 1163 9158 7809 9923 7124 7898 1654 4086 3428 1343 9840 6254 5120 9032 1266 6377 8270 9555 8465
24 1824 1247 5077 2573 2085 4817 7719 2745 2613 7046 4095 9087 2227 8199 9237 5271 346 6541 9572 7094 5870 2789 8240 6596
26 3592 3536 9915 2673 4478 1897 9126 2078 7863 5352 9501 3063 9668 8288 8837 7143 4725 1077 160 7461 5017 6222 6783 7926 845 3386
30 6668 191 4327 4529 8072 7149 1541 8627 7661 4684 8144 4430 6908 4862 2077 9564 2245 180 1565 6949 6373 1663 2619 752 8520 2311 8272 6320 3059 9914
30 4115 7179 3911 7219 9120 8714 4252 6221 9753 1064 8238 3835 5096 76 55 2800 1453 4845 2697 5422 7510 5078 5625 8716 4783 6713 415 4592 8583 6017
31 7883 1896 7689 961 7232 7176 3091 9745 888 8638 5659 161 5083 7663 6741 5373 7795 9295 755 1480 6043 4203 1072 8922 3713 889 5805 2737 8771 5204 9212
27 6638 5467 6294 6092 1597 5082 7087 9394 9380 1189 7328 2463 9824 3514 4424 6977 1973 5267 2958 1041 3521 4979 1454 7521 6008 8092 5320
29 9960 7720 7251 7519 8966 1282 7392 1098 5133 3986 3553 9651 4919 1662 3684 3939 5212 4742 967 3768 6536 2363 3542 6797 7807 2329 8928 7806 8909
29 9594 328 5476 7020 5151 7773 2106 771 6218 5861 7377 2276 6665 1885 2549 7558 955 241 4572 6571 1356 5264 1570 1685 1947 2357 9444 7315 6246
31 7643 9740 2335 3385 9811 4655 4304 2642 6057 3821 550 6188 9412 1389 7949 1879 914 4414 5642 6466 6875 5338 9834 1162 2294 1786 1762 1015 7474 7153 6091
29 8698 8177 8400 1822 6677 6554 6658 685 219 3058 3982 6612 6457 8140 2193 6106 9553 801 5750 8361 9086 9608 7376 4746 7192 2041 1211 7718 694
27 8544 4830 9702 9772 1804 1882 6230 3908 9035 8857 1436 2589 3220 6175 6968 8333 8804 6054 4778 9663 5785 6103 5711 796 7174 7854 63
29 4967 5801 7984 8503 7230 5148 5229 4323 6562 8042 7709 9127 7340 2235 1482 4213 3470 5884 1213 8608 7366 6259 3294 9364 5571 9713 7106 6942 3595
30 3756 7946 6463 4917 357 6844 7201 3203 6312 4736 1680 3494 8350 6352 4343 9060 7184 3047 9103 1338 9294 7293 2190 349 1479 9517 4947 8353 9841 7502
28 2586 8669 915 3238 4076 9565 9461 2601 5100 9720 2122 8448 4215 178 1353 7385 8370 756 599 761 7170 2471 2392 3706 8241 8290 1653 4361
30 3123 6980 1021 3781 4400 7845 6280 9223 4356 2961 2989 1349 1215 3416 8775 9334 1706 3067 9140 5236 2988 6957 4206 1902 4651 5657 8823 3719 3159 1596
30 3720 7395 8356 1417 3764 7286 4307 975 1485 5975 8499 4019 5488 5108 2903 6156 9810 7737 6649 7027 2974 104 4041 217 3996 442 6920 9463 9296 9558
30 6227 8590 5966 9019 2535 4175 8711 3300 6738 6163 9178 4204 4223 9249 9250 1968 3786 2581 9297 2299 355 8570 6196 7228 4360 6415 1601 8589 8879 2388
27 5837 3937 4769 9286 879 3037 848 5856 5192 9677 1097 5993 2369 6362 2043 834 9867 1201 6700 5363 3257 3424 2214 2571 1071 5050 9527
29 7760 1271 1330 2459 6275 304 1133 8831 4089 5369 7097 8391 4440 9072 8752 95 9630 8029 7570 7732 342 7255 4971 4426 5009 6136 4561 6496 8385
31 9284 3171 128 2971 2430 7485 3346 513 2331 7916 1883 8652 2052 1371 3926 863 8254 318 5287 9709 2592 8098 2932 520 6583 9978 5864 480 8959 5513 2719
28 3815 3181 2557 2599 1608 1515 5323 6584 5189 8862 686 6510 2014 9902 6111 9169 9534 3007 6247 2880 7250 5873 7440 1626 4026 4237 4516 2565
27 7822 9589 6151 2145 593 2061 5508 3277 3563 115 2404 3920 5737 4059 1780 3776 3337 727 9715 8104 4039 7713 2054 6303 5789 9724 3708
27 3562 3505 8286 2042 434 171 1138 1440 4263 4792 4431 6224 7560 1721 7146 3137 6009 2639 2515 1200 1827 2545 2991 6325 516 8918 7907
32 9861 4922 1768 5537 3268 5182 3755 930 6752 3100 3130 9815 8294 9906 6187 4011 8362 6539 4610 1623 8016 1084 1332 9333 8456 1841 6534 9679 9586 5591 7747 1154
30 7132 1468 8297 5263 9428 2167 8201 8920 74 2689 5382 4435 8931 9309 3944 984 5239 985 2420 4649 3965 5684 2089 4790 8955 20 6068 2031 2561 7527
31 6791 5049 7014 5632 4186 684 9537 5916 3520 7993 7765 1861 2325 3124 339 522 2006 5026 3043 4035 6958 7241 7211 1475 2566 7019 2927 253 6094 7422 4964
28 5675 5534 3009 7721 1412 1151 5760 4413 893 2867 5699 2416 6337 30 2888 6953 1645 6058 6469 6525 7137 543 113 4105 6867 3664 5877 202
28 5030 8835 5669 3150 2201 7408 8914 3887 8944 8677 2188 8345 1352 5752 7681 3432 9922 6140 9271 5607 3469 2483 2812 9285 4437 3030 6647 2288
26 7245 3025 8543 928 1024 1913 2840 7513 9281 6651 1960 2977 1936 5067 8990 7733 1581 7357 8662 3793 7289 1981 47 7861 1551 1508
31 3516 862 8971 9251 7579 9096 4313 3871 8649 9339 4272 4941 7267 8855 1102 3646 6706 7200 5248 4609 4924 3077 4225 988 8075 8556 8779 6532 617 2467 2678
28 5500 7539 910 4802 9416 5949 5901 5228 499 4145 1971 1694 3194 3314 4511 9448 8223 3662 4719 4670 5807 5753 7600 2250 7858 1184 2267 4275
28 3256 7494 8026 477 5400 4192 610 6902 926 5838 5687 83 1402 5611 9160 4551 86 6759 3773 7825 9519 137 2553 1337 1305 9904 1473 4014
22 2713 5303 1132 3989 1708 644 3147 7860 5820 9547 1221 3971 1400 8825 118 4075 1900 9277 6704 390 5227 6090
30 4114 2517 5041 7011 1772 82 8766 5058 8968 2027 8840 3487 878 9247 8558 3136 4578 8355 7196 5295 4868 3414 5641 6694 3224 8527 9208 3697 9650 3504
15 6613 3492 4378 618 7585 7225 549 7372 3874 1658 2437 3588 6972 5948 722
29 3581 7343 68 7253 8751 9678 2637 8577 4900 2280 199 4379 4081 6716 5718 1713 2727 4836 976 9566 1696 3726 1443 2063 4337 9579 2516 5717 6164
26 3209 5941 2633 2024 2266 3711 5222 3484 2857 6948 782 6692 5652 1886 8495 6307 3012 1605 317 2856 857 4571 9698 2008 6269 3227
28 9257 6778 6234 7177 6746 8834 8022 8005 1081 2909 9993 1320 855 5833 1552 9119 4847 5655 4513 5283 9062 9691 8308 7457 9143 6776 4685 5674
30 3265 476 1816 598 6283 8663 3783 964 2499 5301 1792 2068 5818 5689 3730 580 278 2206 2564 2271 6035 944 3739 316 3112 7121 4532 3072 6542 4977
31 2652 3551 2069 7798 7528 2218 1639 7872 6547 670 5068 569 584 5905 3317 6375 1457 5590 2309 5043 2362 3964 3523 1481 2025 9069 3014 9030 2915 9410 1363
27 1833 1037 3951 7144 3033 6205 4640 4527 995 4825 3981 9008 9712 8860 7912 9981 4056 7098 3296 4772 6636 2285 818 5549 2848 4643 849
29 8407 4236 7439 3682 1737 5896 5348 8076 5496 5403 2725 8562 2780 1056 2413 1142 6075 297 3754 631 9088 4234 723 9108 1874 8522 4479 1655 4329
29 1808 4574 4807 2876 4415 571 9489 4486 4745 6233 2030 7068 2148 5874 3132 1504 4902 2341 5899 7832 3976 2277 1843 8451 8836 3800 6311 8317 5269
29 1577 2351 8851 4896 7986 1659 7607 5637 6409 9949 2097 6287 5770 8020 9217 5191 7700 9999 4826 1940 2073 5735 1183 9881 1576 7738 6029 9100 977
29 6543 1734 6819 1715 2279 9238 7393 5401 6472 8623 6582 1698 1744 7739 270 9098 7500 17 6967 763 8704 4536 6239 2398 7386 8416 6189 5284 9577
30 8346 4474 7380 4219 7625 515 2920 5875 6300 620 3546 3507 8538 8814 4120 2283 6621 5003 9706 8161 5165 7303 8202 9905 640 509 3607 2273 3472 5065
27 8709 2583 7402 7161 627 9773 9533 5406 9153 8358 9689 2124 3819 9256 5786 9823 5199 4010 4911 1274 1497 3084 787 9705 6762 8619 3006
31 3249 9460 6754 3278 1220 8108 1674 2334 2470 9442 5749 3286 5292 3584 1170 245 9598 1613 2975 7961 8869 3357 6642 2669 5184 6499 4936 5747 6332 8479 5193
31 5645 6720 7421 8438 6563 158 5499 5670 9762 9436 5055 1435 2153 8956 777 4851 3344 9214 505 7079 179 9105 5143 9550 9301 7342 2862 5950 3758 2249 3375
27 9288 5472 6620 6995 3851 2609 9936 2318 7330 7257 6927 3974 6006 4230 2327 2839 1806 3475 6641 2356 5221 7354 7647 426 448 1559 9768
27 7704 9747 9984 3707 8250 35 5850 9491 2843 6666 5951 7213 8665 3028 2540 4109 7750 4865 7285 6020 1438 6733 6465 9253 8660 6074 7947
30 2091 6425 1140 6748 2323 7621 3114 2450 7316 3167 313 8369 2092 6063 4371 3180 4207 3376 4752 244 2696 1775 7017 8853 8690 1254 8164 3668 4526 9154
24 1568 9868 3312 1809 4250 2992 8798 2232 1759 8493 4124 3301 4800 4596 2596 7956 7085 6903 5234 2953 5386 378 4135 5273
29 2417 6597 8073 7449 6445 7249 7637 1243 3185 5904 5550 4658 2686 1294 5758 2695 4085 9929 8403 2733 8676 8126 8742 3351 2938 8895 4422 4364 519
29 9211 9826 8625 6102 1239 1165 9599 174 793 6824 2513 5420 3131 6719 1188 7238 5730 7221 325 100 5605 3725 9972 8302 3208 749 8024 696 6173
31 8730 9037 5462 6925 8820 2775 8381 8679 9495 5146 6708 2629 1206 6367 1870 5093 6338 492 56 1941 7350 5335 2816 8359 1129 7048 3661 2572 6881 2431 4184
25 5524 6093 9304 3050 3804 541 4454 9798 2009 7243 8659 3771 6749 4637 1783 5187 4493 6243 770 9503 5728 4961 3985 9645 3071
27 5703 6931 8977 2169 4249 1276 93 1657 2207 7401 8213 7935 2044 6406 4943 6166 633 1906 5038 483 6984 7266 3676 1857 2400 4881 8805
28 5798 3878 5865 16 6351 9629 81 365 4483 9908 258 5417 4218 1461 6439 3641 6326 5288 6349 4029 7567 8648 9524 7463 4274 9573 341 7690
28 275 3383 4909 779 4587 6049 3335 3489 7693 5568 3794 9654 8661 4180 1905 4232 1351 5816 7964 3600 4154 5341 4908 717 8218 6404 4965 6441
32 3233 6152 1113 9891 3323 2236 6622 1160 6854 1609 7651 3506 8347 8337 6601 8883 234 6565 8707 4654 7208 3916 7971 7454 5088 1112 1957 1396 4600 788 1946 2681
30 6669 405 5886 3476 2253 7259 5619 5759 4758 6523 8224 5964 4284 781 6471 3477 2015 6384 4946 6938 9920 9298 7263 8789 3141 4196 7677 9505 3540 6625
29 7096 7173 3919 4560 3537 3479 3556 6162 1083 9842 7400 8106 8512 861 7012 3853 9409 8425 1910 1748 3365 7193 8474 1546 5615 6327 4695 3957 4789
27 1539 5334 3733 8526 7891 6274 8783 1671 8214 7282 2852 6298 4723 7044 2757 303 9156 8379 5164 1945 5172 9034 3909 4384 3024 5779 4821
28 8299 6785 1148 6459 9640 5224 8036 5277 7076 7443 133 5152 5104 5746 4310 5340 4451 7640 433 6477 9377 4108 1287 5344 3421 936 8265 7796
29 4049 7487 9492 7890 9520 3001 3625 5312 6329 1290 8047 7838 8826 376 9299 2979 6518 6494 7023 6777 1992 8405 3673 1086 2751 1474 5586 1235 7492
29 8523 4996 4217 7650 9937 7022 7065 5274 1610 7135 8260 3454 4132 7587 3672 1828 3068 7040 875 9965 8091 9722 3712 6260 3157 860 9003 4962 4659
28 6603 6992 3149 2048 9147 4231 4048 5084 974 8602 741 8094 9177 3961 4051 3293 8626 2192 1334 6886 7665 1311 5342 8695 2088 4793 5851 8395
28 8595 1312 8952 7244 8530 2358 8368 466 3480 9994 3481 833 3955 1303 2354 9002 99 3213 6403 9567 4023 2898 3617 50 8747 6161 4897 7049
30 6557 4338 6046 5895 9397 4983 3242 4621 5390 5090 8131 5064 9855 4402 7005 8601 2475 9066 3960 3371 992 4711 458 1859 4993 2618 6901 6184 9161 4605
28 8678 5794 9073 1241 8266 4069 8673 3429 4641 4292 881 2116 7300 805 48 6545 3814 4094 5103 2127 3823 9193 4721 7604 2448 8236 212 1445
31 7324 698 1036 9559 4200 8418 6727 6522 5253 1193 2799 3892 1292 3284 1467 3801 9877 2224 9426 7093 4886 4285 1979 4569 2978 714 2498 5398 9731 6810 1651
25 4616 5613 7475 3694 9817 2536 8000 5474 38 4565 9344 9400 4162 7127 97 4233 7311 3572 9977 6408 638 7089 2532 6179 6627
28 7995 4392 3260 7707 1985 250 5296 5935 6385 2373 9862 5282 6143 4918 2837 7758 6334 8396 4330 7548 3750 4848 2104 616 7951 1638 2668 5823
