5 7467 3333 8948 4778 5628
2 2590 6014
4 8226 8885 7392 2925
5 7226 1130 9183 9828 2440
2 4795 5345
5 9503 4558 6888 8388 4967
4 7947 6199 2031 6416
3 2417 5645 9930
2 7205 3041
3 3201 2648 5431
4 2735 692 3228 3483
2 2572 2653
2 9926 1477
2 4886 2618
2 5981 4274
5 8889 1669 766 2171 3636
2 1854 4897
4 9458 3634 1622 169
2 7109 2614
2 8562 9877
2 3559 3430
2 1879 7274
5 7715 4809 1086 4041 5847
2 6516 6760
2 2659 7996
4 2175 788 7600 898
2 1816 3336
2 9286 6643
4 9120 1441 1008 2838
4 8669 5812 8303 4541
2 4026 2746
5 1134 2170 3264 8155 1975
4 5990 2342 5811 705
2 7432 6630
5 2383 3693 6844 4139 6767
7 2580 3144 904 608 7877 7191 4295
2 5070 3502
4 7324 1675 5460 3258
2 6526 7407
2 4470 9647
2 5902 8998
3 8966 1561 1114
5 3646 1788 6613 9663 9676
4 5479 2236 5019 8581
2 999 7068
2 5090 7843
2 1338 6615
2 7580 2818
2 3538 6364
4 202 6498 6169 1891
2 6543 8567
2 475 8243
2 7631 2829
4 7012 3110 762 586
2 977 2528
5 3320 1458 3701 578 454
2 2527 1644
5 305 7939 6031 3618 867
2 6685 6228
4 2717 4579 6098 6073
2 2886 4285
2 2052 6319
6 3653 8678 5343 4752 7699 405
3 8087 1015 8198
5 6320 485 8340 6383 180
2 6752 6444
2 1158 7145
2 4940 3740
4 5982 8325 2341 1930
2 8823 684
2 491 4014
7 8772 548 1958 4411 5137 164 9289
3 8070 6519 19
4 3357 893 4126 2202
2 5225 2453
3 8305 9540 1812
4 1398 3808 2099 3712
5 1191 9731 5071 1704 2256
2 2757 4529
2 6189 6113
2 5440 4949
4 7574 3297 1541 8364
2 819 233
2 4556 5664
2 8595 9397
5 7803 7661 6563 7241 7730
4 9953 453 6716 3532
6 6376 5497 5347 5663 7897 3837
2 1375 7752
2 2938 3847
2 9376 7814
2 8729 9483
2 4468 4990
2 4792 2867
2 8726 5292
2 772 835
2 7677 1472
3 8302 3886 2864
2 4645 5775
2 1343 1135
3 9482 1750 3958
4 8964 378 3902 7916
4 3759 5140 2508 3047
4 4410 5908 328 8413
5 3935 2581 6469 8617 756
5 4010 2677 2857 5009 5002
2 9823 1935
2 7024 6310
2 179 7449
3 7269 5890 3184
2 9722 1461
5 6038 38 6520 440 7812
4 2211 9257 2997 8836
2 1554 5569
5 3607 4021 5841 4598 6190
3 1066 599 206
2 9867 5271
5 4828 2811 7367 4599 389
2 3490 8632
4 2345 4773 4845 1949
4 8191 9635 8717 7755
6 9924 2692 257 2490 4971 1149
2 5967 7687
2 3340 4935
6 3707 7482 2268 9641 5757 2663
3 562 9568 1947
5 7443 994 8472 9764 8018
7 3577 3506 8949 1020 1399 8537 6153
4 8967 3889 2839 748
6 6251 9984 3311 5603 3080 6538
2 1625 1284
2 2429 7409
2 4817 5849
2 7060 5293
2 5058 6686
2 7908 6225
4 7612 8277 6354 59
2 3206 728
6 363 5381 9864 547 1455 8873
2 8252 7055
6 718 6318 2776 2410 6675 2657
5 1177 612 250 8112 689
2 9802 9830
3 1843 8779 7153
2 7772 4240
3 2287 4083 7988
6 4678 1705 3090 9725 6211 4392
7 3695 8289 635 8808 6513 2309 8635
2 5885 6240
6 1380 9527 8844 7475 3321 6226
2 2444 7929
4 6878 7533 3849 219
5 9251 5949 3632 7732 6975
2 5512 300
2 4482 9003
5 9549 4360 3956 7188 9720
5 9762 7217 8703 6916 3283
2 9519 8452
2 9358 4661
4 4069 6910 6791 3457
3 4137 4999 7436
3 9043 5820 4340
2 2950 961
2 9514 5876
5 3380 3245 3732 6151 663
2 1113 5398
2 5577 8907
4 871 4099 2486 9335
4 7121 1651 4562 2184
7 9250 248 5827 711 7743 5959 4382
5 8183 1432 263 4319 1645
4 5136 1426 7052 5028
7 1777 3388 3503 9965 4843 6349 6918
5 7463 8631 7657 2821 5660
2 9359 8201
5 8577 9518 7049 7181 4391
2 5477 17
2 3708 8355
4 4527 9685 1006 9667
2 7620 7576
2 1544 2992
2 8401 5652
2 3826 630
6 2296 5306 4499 3741 4053 6699
5 1562 1820 1384 6464 4613
3 7146 7702 8878
3 4419 5196 2333
2 5066 8440
4 5552 9599 463 5178
6 7354 9108 3551 4572 6213 2963
2 7361 1848
7 1207 2709 3007 8239 4211 5839 4648
3 3613 8069 3570
5 1318 5588 947 5960 1085
4 7283 2501 6993 9989
5 4005 6691 1332 9755 7741
2 7759 3276
5 5648 7112 2190 1438 5492
5 22 4437 1366 4734 8743
5 367 6854 7151 6126 2275
4 6590 883 7035 2670
2 6959 2498
2 6089 5375
4 6911 6440 4209 7370
6 6030 9749 9256 8884 246 8979
4 6514 8957 9638 3516
3 8604 3314 9614
4 7808 6071 650 9293
3 5443 3296 6018
4 5370 6987 2982 5725
2 4416 706
2 9529 2135
7 7108 4628 9919 1355 4899 6839 4398
5 9185 7527 3491 4715 793
4 4300 24 2195 1957
3 6462 8489 3124
3 7989 6621 2097
7 9255 8244 6800 4004 361 7672 8266
5 6402 7890 4418 4176 3558
3 665 8721 7251
7 872 1735 9847 6476 7835 9769 6112
2 7481 6816
4 9348 2976 6059 8153
7 1802 1420 9020 9300 2697 1155 3513
5 310 9998 4171 9057 7675
3 7971 70 9096
3 1022 8605 1091
5 2411 3925 2875 8665 203
3 3823 8275 1063
5 8710 9508 8250 721 5172
2 4735 445
3 5968 1034 6533
6 7346 6646 9985 7719 2935 3062
2 7014 8214
4 4328 3535 321 8788
5 498 8894 5254 8429 5562
2 7521 1212
4 5331 2592 6370 1478
5 1145 3323 6157 4930 9544
2 9692 4677
4 9345 1585 2375 6765
2 3637 6506
6 3146 6128 6994 9532 72 392
4 8787 8945 9210 8376
2 3860 5748
3 1026 3619 2608
2 1189 6257
7 1104 5678 261 2824 4822 7622 1857
4 2865 7853 3133 1558
2 6017 4900
2 6833 1349
6 3290 9920 8060 5636 7841 3930
4 2485 9230 4798 8045
6 4519 8814 3329 4750 6602 7979
3 3224 5532 4431
2 834 6404
5 7074 6508 1698 5247 8090
3 9417 8761 7240
4 7683 1117 2095 3157
5 1245 604 7058 925 2585
2 4867 1632
4 7505 2124 3770 7963
2 765 4400
6 4466 3985 1762 9075 5333 5083
3 5779 2509 7234
4 8552 6396 2772 2835
3 309 3754 1287
4 4587 6913 5470 391
2 8329 591
5 7452 2850 1658 3642 6389
4 4837 5146 2250 1206
6 1972 1712 5620 25 2133 2553
5 3361 4180 3623 1203 5925
3 3087 3019 1201
5 7912 9371 6347 7466 9914
2 2619 8922
2 1997 7156
5 9248 4464 6348 3255 4309
4 7107 6664 142 1661
5 1921 2475 6103 6086 1652
2 6142 8525
7 1873 3507 7067 9608 4260 1743 9333
2 3869 2520
3 1139 580 1424
4 2014 8981 6724 320
2 8046 6829
4 1060 7279 3178 5173
5 3229 878 4068 6111 2223
4 942 7946 8970 1618
3 6582 9252 6322
5 7778 3773 939 1881 3736
5 9018 9839 1480 9566 745
3 4716 5295 5097
4 6609 5704 3610 7508
1 239
2 4948 147
5 6237 5139 5894 3346 7122
3 5978 2676 3349
2 4324 701
6 8718 4190 8229 8200 827 3970
2 1283 5469
2 1017 8330
2 217 3426
3 1955 1425 7704
6 4643 7238 7834 128 7523 7903
2 1021 763
3 8570 1288 1922
4 7345 3387 3702 4219
2 922 4280
2 9909 8869
3 9913 4924 1506
2 2447 1051
2 1545 5818
2 2708 9738
4 1528 583 8318 7495
2 640 437
3 4316 5850 3910
2 2176 6216
2 9739 8933
2 5253 3625
5 2540 3963 830 8373 3020
2 7457 4576
5 1784 3649 4121 3013 3949
4 7935 4051 8507 9959
3 5974 5909 5407
5 3728 7518 9759 7788 8035
2 3366 1934
2 7999 2201
2 7654 783
5 3085 6903 8947 5175 7588
2 5572 5411
2 5984 1807
2 4603 5530
2 8421 3675
2 2264 3999
6 8757 4449 9047 1846 5231 1938
3 2098 1087 4690
4 8110 8347 2805 6009
5 7861 228 1614 3888 5360
6 9912 2358 4336 1340 7114 1241
2 4320 1771
5 4047 387 30 3687 1059
4 1001 8138 1055 8410
3 2750 2462 4156
7 3192 136 3514 9861 487 2794 7794
2 88 3040
7 9448 9435 5324 439 1662 534 3611
2 7375 9447
6 232 6381 5668 2069 2814 4489
3 8877 1014 3790
3 173 8912 9506
3 6744 806 2696
2 3287 8673
5 1142 575 1215 8899 9379
7 5561 8372 349 4762 8725 769 1300
2 8993 8861
3 5741 9607 9177
5 6743 8339 5882 77 8824
4 4351 6206 9145 975
7 9863 407 7766 5560 2336 8837 5330
2 7431 8946
2 2668 993
3 5280 2901 5797
6 1205 6547 7152 1641 3678 1897
3 4947 2006 749
5 7382 3026 431 9598 1292
5 1694 1681 8934 6290 8958
3 2716 8396 6998
3 9048 6517 8739
7 9578 8792 687 4810 761 3477 7713
2 3704 5372
7 7378 2307 7598 5596 1224 9848 3856
5 1193 6207 797 4475 53
6 5918 6580 5810 8890 6341 1037
5 8598 8030 5403 1353 531
4 4835 8928 5197 335
4 767 9450 4509 954
4 9488 5996 2154 2325
5 1036 3177 5 4621 8924
5 8545 5316 8974 7898 1721
6 4064 3162 3515 1892 2299 5976
5 6599 4491 1179 2921 1358
5 907 9600 5682 1346 5110
6 210 1410 1609 2297 1578 5047
5 383 2480 8393 2515 324
3 1268 8432 5535
6 5913 593 1285 8580 6794 2529
4 388 9643 6934 3857
4 3766 9662 7712 1847
5 3160 7770 7783 8621 6869
2 7599 5651
4 2943 1775 436 5129
4 3271 6321 7985 2089
3 7195 8118 747
6 4522 8660 8079 6768 6299 9471
3 4389 4811 9242
9 5244 3750 9753 8047 6123 1321 1877 668 4022
3 3251 9713 1407
7 2980 8199 4372 9584 8560 8467 8593
2 3027 1893