3 7466 3205 450
2 2589 8594
3 8225 1188 2310
3 7225 3636 404
2 4794 7480
3 7946 7374 430
3 2416 9357 8742
2 7204 6685
3 3200 9567 1946
3 2734 5889 3183
3 2571 5172 5670
2 9925 9378
2 4885 7431
2 5980 490
2 1853 4481
3 9457 1013 8137
2 7108 7579
2 8561 9047
2 3558 9598
2 1878 818
3 7714 4791 6431
2 6515 6598
3 2658 3257 2361
3 2174 1342 1134
3 1815 5368 1252
2 9285 7520
3 9119 4555 2841
2 4025 7630
3 1133 976 992
3 5989 9518 9709
2 5069 7598
3 7323 3868 2519
2 6525 3286
2 4469 8992
2 5901 8728
3 8965 4388 7711
3 3645 8725 227
3 5478 238 7507
2 998 9487
3 5089 1720 3616
2 1337 9691
3 3537 245 9470
2 6542 2937
3 474 8117 6189
3 3319 7676 9997
2 2526 3026
3 304 6439 462
2 6684 8431
3 2716 7456 7155
2 2885 2667
2 2051 6751
3 3652 771 2005
3 8086 3109 3641
3 6319 4816 3505
2 1157 3489
2 4939 5252
3 5981 216 2332
2 8822 9449
3 8069 8720 3735
3 3356 9801 5294
2 5224 6016
3 8304 435 7190
3 1397 6663 7984
3 1190 1112 3456
2 2756 3339
2 6188 9721
2 5439 7023
3 7573 5884 7237
3 7802 5576 1275
3 9952 805 8375
3 6375 7619 3386
3 1374 7250 8299
3 9375 2047 9474
2 4467 4323
3 8301 5644 9929
2 4644 1624
3 9481 1020 3322
3 8963 178 3250
3 3758 5811 1560
3 4409 1543 9209
3 3934 9908 3534
3 4009 2446 463
2 9822 5065
3 6037 1553 5057
3 2210 4415 1711
3 3606 5966 5571
3 1065 8395 6125
2 9866 833
3 4827 2428 6958
3 2344 2461 8363
3 8190 6832 7465
3 9923 2949 2306
3 3706 7059 8328
3 7442 3859 8893
4 3576 7907 6168 1890
3 8966 8068 7034
3 7611 8604 4844
3 362 9528 9919
3 8251 6150 662
3 1842 9768 8787
2 7771 7807
4 2286 4335 1437 2527
3 1379 764 4020
3 2443 6061 953
3 6877 5511 921
3 9250 8400 1954
4 9548 4068 87 3039
3 9761 4602 4179
3 4136 5819 4339
3 9042 7430 1129
2 9513 9912
3 3379 9358 1704
3 870 4050 1650
4 7120 3296 3753 1286
3 9249 4866 1282
4 8182 5476 4620 8923
4 1776 3707 8616 4346
3 7462 2618 2591
3 8576 3825 2707
4 4526 6205 4175 3557
4 2295 7145 3885 8698
4 1561 4418 2981 5724
4 5551 3703 5499 9201
4 7353 7360 1556 3929
4 1206 7758 9324 2305
3 3612 1996 9599
3 1317 6141 3244
3 7282 1016 5948
3 4004 7998 260
5 5647 21 8980 6058 4647
4 366 6088 8020 2088
3 6589 2500 1007
4 6910 8603 6909 2838
3 6513 6363 5018
3 5442 3901 6340
3 5369 1544 1354
4 9184 9748 5145 4239
3 4299 6912 8317
3 6461 6519 3848
3 7988 2409 5171
4 664 7970 8488 1408
4 871 3822 8716 6868
4 9347 4734 6109 1505
4 1801 5967 7599 897
4 1021 1425 4318 4284
3 2410 1749 2507
4 8709 7013 8145 8427
4 7345 2484 8276 8329
3 4327 1640 8017
4 497 3086 5332 4536
4 5330 1025 7897 2625
3 1144 3365 2691
4 9344 484 4474 7698
4 3145 8786 1584 7731
4 2864 387 6512 720
4 3289 1138 1085 9675
3 4518 4947 9046
3 3223 6346 7144
4 7073 1116 4125 1927
3 9416 6516 4241
3 7682 2263 4319
4 1244 8927 4 8067
3 7504 3618 140
3 4465 8045 6608
3 5778 8428 4889
3 8551 1086 937
4 308 5139 2170 7180
4 4586 2810 5602 8111
4 7451 4578 4821 1703
4 4836 1440 249 2030
4 1971 941 5469 1210
4 3360 6581 6642 2528
5 7911 9247 9838 6843 4279
5 7106 1059 29 3132 1644
3 1920 5531 6793
4 1872 5977 8738 2595
4 3228 9984 2675 5106
4 7777 639 9327 7164
4 9017 9517 2296 4430
4 4715 2175 7091 9213
4 6236 9299 7408 3567
4 8717 5279 7470 232
5 4642 8569 5881 960 2662
4 7344 4315 8078 7391
3 1527 7653 611
3 9738 1557 5584
4 2539 2745 7782 4714
4 1783 3962 946 8860
3 5973 7113 7286
4 3727 4359 4809 5374
4 3084 1019 3740 8945
3 5983 5857 1660
3 8420 7221 9332
4 8756 2097 4067 3983
4 8109 6518 8579 5291
5 7860 231 5740 8868 4122
6 4046 8597 993 9607 5817 7171
4 1000 172 8724 8412
4 2749 3270 6156 4797
6 3191 9370 9526 5346 6463 8120
5 9447 1141 6497 16 6348
6 6743 6742 1819 3263 2298 3617
6 5560 3159 7216 6013 2771 7458
6 4350 7381 7517 8249 3609 9302
6 9862 1693 3807 6475 829 3476
6 1204 5917 1476 3955 327 4040
6 2715 1035 5323 5809 6601 5569
6 9577 382 8677 6612 3846 9115
6 7377 3765 9507 4772 6320 2962
7 1192 8544 9434 796 877 2996 6239
6 4834 4521 7833 8911 5292 4927
6 4063 3143 3772 4003 2804 3345
6 906 6127 3888 1845 1202 2223
7 209 2357 1787 8760 5402 4842 1567
7 1267 5912 3506 6986 7945 1631 2132
8 2942 7194 3749 3387 3550 256 2335 1921
7 5243 2979 1668 3310 5667 3739 2201
6 4448 6317 6853 2479 1178 5898
8 4627 5677 1409 8198 4463 9640 2696 6111
6 8243 4808 7765 9583 1697 3202
8 1774 7889 7111 7481 4417 4410 5651 1929
7 9983 1431 9730 8338 8946 5756 5061
6 8288 406 5496 4273 7522 1357
7 6206 37 1734 8884 3631 6468 9825
7 3692 2708 6799 3502 9606 683 2722
6 5305 4557 6380 4761 577 1302
8 5719 2169 6546 2676 1424 5810 3686 3823
8 6911 3737 377 892 8630 4528 1339 3406
7 1419 1457 592 262 8997 8154 4156
7 8790 3984 2235 1761 6887 5635 7373
7 8100 6074 8371 9256 1891 7474 2920
8 9918 6645 8791 2580 3513 436 7787 3287
8 787 386 3161 9019 8566 5136 4138 735
8 6148 2110 135 691 603 1283 5650 3677
7 9107 5315 5587 5826 6215 7067 7531
9 3691 5293 7532 8026 2775 3514 438 9712 3688
8 1038 3332 2975 4189 3731 4170 3227 3526
8 3555 2341 3633 8973 3018 3674 9876 6219
7 5380 8324 7151 4490 3700 8620 3118
8 1674 8813 7526 2508 8932 299 6992 1298
7 9287 634 740 4498 1938 9144 9372
7 7660 247 6690 7852 710 1577 5951
7 852 7607 1608 8274 700 6915 974
7 582 686 9661 5195 8339 6403 1018
7 6198 2189 3648 7656 1479 8536 1803
6 6220 5907 4436 1214 924 422
8 9634 574 1284 5253 5774 5196 9827 6465
6 9752 3924 8238 760 2607 4118
8 6823 7938 2849 7842 2757 8921 8372 4290
8 5435 348 1680 7278 3295 2472 533 996
8 6291 452 3025 2474 7125 8506 7729 8215
7 9742 1014 3176 7701 9255 9763 9968
9 2647 6760 6902 9846 7995 1847 6715 2817 8152
8 7095 797 9460 4098 5995 8947 358 2689
8 7371 6195 8659 9684 7769 6614 4777 9174
7 4253 6908 5703 5840 3490 4818 2017
9 7117 6545 8242 6507 5800 7834 2590 9719 4590
10 3028 5856 9700 4066 1314 3808 12 486 6382 3973
10 4056 8071 3831 4707 5132 23 8228 6347 5230 9636
9 6605 5952 8994 7597 8944 7048 6309 7434 9904
8 7086 3323 3133 6993 6070 1806 2374 9671
9 4212 4082 9733 8807 5138 2267 7057 8247 1937
7 1957 9539 903 360 1075 6838 2753
7 8346 6331 6579 4371 2068 8836 4131
9 9461 5375 2652 4247 8956 882 5270 6574 6817
7 5709 7066 5849 8354 9182 826 9279
9 7927 9611 8036 8029 9053 444 4229 6210 3747
8 4403 4742 9227 8046 9251 2489 2514 2269
9 316 3776 9815 6296 2617 9758 1365 2606 3311
10 7955 4828 1420 7678 598 9074 5681 4362 705 1376
7 8171 7776 6395 4725 4751 5975 1960
9 455 5167 8828 9401 7813 8387 8664 1454 708
10 3006 9802 5555 4468 1287 69 8700 1661 4218 8451
7 6733 3528 2613 2900 9995 6085 8554
9 6428 6482 5862 7751 1383 6723 4733 3589 3721
8 2164 4491 4800 7633 7054 1580 3012 6240
9 8187 9735 7499 4133 6318 6257 6289 6674 9129
9 6738 8033 7969 1511 3335 8757 6030 3789 9988
7 7312 4634 4948 8392 9646 2098 803
8 5341 765 587 4934 782 5893 3716 9734
7 879 4696 5637 7365 5578 768 9832
7 7150 6620 3059 7509 3701 1471 8806
8 3428 5591 5166 6892 3164 1933 896 9095
10 9088 2823 79 4041 6558 1934 7742 1072 296 3586
6 6478 938 1106 5320 9829 8919
7 3309 2952 8295 629 146 3044 6557
8 9895 817 9070 3089 4989 8889 9002 3041
10 8518 2072 3313 2123 8075 618 4259 6110 7941 7056
9 9136 850 6224 1664 1331 1352 4052 7233 2584
10 311 865 5656 682 6122 546 71 6017 8639 9170
9 862 8778 1840 9863 586 6499 8886 3282 2895
10 3102 641 2758 9878 7328 6562 7051 9538 7740 8055
9 2145 413 6112 5559 4571 5459 5947 8957 6719
9 3255 9501 7273 2803 685 7448 4806 1981 7457
9 8202 3431 4937 7648 5162 7686 4508 3851 2542
9 3756 5342 8097 127 5568 3177 2813 5534 5712
8 6243 95 3687 721 9670 1301 3388 325
10 4473 3564 4911 7174 5732 3318 4597 5246 6479 7756
9 1976 9843 6848 3328 4013 6097 6033 5359 9225
8 3653 9383 6595 1414 6360 3054 3569 3717
10 7950 1184 3667 2880 9746 6254 4172 9482 2924 1137
9 6722 6325 492 579 9964 1657 1643 3040 4909
8 6963 9009 4998 1398 2094 2695 9698 3881
8 2894 5633 6538 607 4749 186 8699 1341
8 933 4770 9860 7928 322 754 4038 7935
7 6643 9229 9469 5507 7857 7671 7009
8 7677 5554 9546 5150 6815 4160 8081 2843
8 7148 318 3436 5344 1540 5429 7055 8422
8 5619 622 1033 8898 2249 5887 1571 3019
9 1111 228 1880 2212 7198 1223 3302 7015 4266
8 620 1719 6385 9619 4378 5747 453 588
8 1968 8237 5477 2547 1142 2194 7494 9913
8 5908 9656 1531 5363 6285 4750 4477 5680
10 1175 7436 7922 5595 8355 9724 8439 4899 3926 5663
8 3683 9472 4923 5760 9859 7163 4309 3378
8 7986 3276 5348 9243 1278 7575 9975 390
7 8817 8843 2090 9565 2324 4488 8533
8 6397 678 8471 7669 5487 1406 2287 3584
8 7533 8933 811 5410 5529 7049 2327 396
7 2554 4896 8213 2134 3635 9218 2538
8 5122 9685 9531 1613 9336 8409 6049 1470
7 5424 3826 4120 8559 9785 1375 5388
8 6338 2478 5070 4570 6885 1211 9505 5929
9 7709 330 4817 8879 4173 7876 2834 1135 1885
7 5062 5389 2452 4810 4975 7994 7354
7 5762 1227 4049 321 820 6780 3533
8 1683 7035 9927 9576 8617 8466 8076 8515
9 5730 5780 7705 2497 1701 2820 761 3010 1001
8 505 5006 8904 6223 5221 3866 5659 5263
10 7196 9069 3437 5392 2874 2856 4929 3439 6091 2408
11 6792 8252 6905 8332 181 3517 4670 6480 5561 445 673
11 6882 4861 1100 522 6493 3294 3887 425 1477 4681 4143
11 1510 6534 1044 3720 7780 5328 163 2308 5735 7879 4089
11 8027 5156 9834 1707 7495 8702 7773 8093 6321 8330 3277
8 2587 283 153 6073 6759 9958 9459 7712
8 6171 5169 7534 2340 9145 7561 3654 6258
9 210 950 3290 6541 2485 8835 6443 4155 2
10 7018 6242 774 2766 3803 4383 786 3531 4047 1316
10 724 4203 5209 3275 8059 1054 1876 1811 9022 9858
8 548 7628 9151 9922 9056 9334 2938 4604
9 7814 1426 9941 7718 8200 6044 1058 7040 4723
8 8665 9808 7193 4437 5959 8823 667 319
9 1428 5019 192 7554 5896 9597 9666 7966 9556
9 6272 8855 7366 5324 9586 5832 257 5483 6648
8 1945 944 1536 2153 8054 9305 8135 2161
9 3230 2628 6828 1005 4429 4561 8080 4566 5629
9 5918 8491 2019 2682 7406 9578 1062 3253 1053
9 5885 8618 1130 2281 6212 3141 9550 8263 3560
9 2521 3738 9158 1320 9045 4399 3325 4330 8845
9 1947 7340 9642 1852 8229 5176 1534 9212 6611
9 2054 9230 4010 8469 1552 7987 6592 1113 7999
9 3114 6295 7361 7697 556 349 6629 688 5506
11 7327 7378 4413 6678 5875 9786 4434 1217 3178 5310 3478
11 2024 1324 9379 6697 8151 8199 7621 7703 8877 7287 3890
10 207 1833 2855 6791 7508 5516 2635 4568 6976 5855
10 3136 4505 2120 590 9931 4950 6333 7152 3836 5664
9 9647 7577 5807 3214 1887 2069 1897 9762 7525
10 3369 8890 5813 5060 2283 2122 7476 6003 5157 1756
9 4105 2073 4567 4150 7240 9055 2275 1600 3615
10 2130 5992 6460 3998 8826 1460 2627 11 6929 3629
11 491 9390 4582 8479 1916 2160 9613 6298 7811 5874 5721
9 3988 6414 3697 5078 6369 7848 2131 1325 2616
11 1226 9493 655 1559 4990 4898 365 8834 8389 5472 5502
9 5660 3622 4119 5382 8883 4970 5314 4337 5228
11 8456 4480 9476 5792 8820 9881 6353 7435 9127 1520 4154
10 5220 975 2328 2559 8105 1778 3726 3679 3963 2241
10 8938 5258 3430 8984 5736 2016 2968 5001 5823 2837
9 1361 1109 6560 9454 9754 3320 6956 3861 6255
10 2493 2982 7265 9680 1621 2793 909 3610 4504 3927
10 266 982 3729 7187 8168 9901 4598 4966 5894 7584
10 8084 4226 6245 6102 5906 8934 8631 4228 9121 8550
9 9197 4431 4233 2403 649 4965 5597 4902 8335
10 6964 187 9395 8563 5101 5149 1800 5935 792 6183
9 45 8235 9374 286 7745 5336 1348 3262 776
10 2640 7012 6972 5761 4676 141 4689 4974 5986 2439
11 6692 4852 7314 2668 5500 9662 4546 5046 6146 80 8096
10 2780 5455 4822 7786 2002 9396 5958 4132 7226 6593
9 869 74 2140 2261 3361 4932 7134 9907 1907
10 6565 6060 5662 8113 5978 5818 2724 9491 5971 2862
11 7932 2704 2678 2061 2747 813 2887 31 2991 7904 1304
9 9495 7924 2921 537 3470 6893 4757 3498 222
10 1522 9098 965 3532 983 2414 5674 5128 6116 5863
10 4875 6561 5248 7123 9293 2200 3278 8501 1091 2816
10 398 8186 1429 241 6753 2426 1757 3341 1597 564
12 8340 854 3225 2891 9081 3842 9451 7239 2863 6625 9938 9571
9 2029 6304 76 41 1345 1084 5200 6256 2846
10 4951 7641 9782 5318 3058 3546 9292 2906 677 1699
11 7766 2468 5845 2643 684 1031 9854 189 842 1285 8006
9 4622 8993 6866 4728 2999 4954 8655 2490 2225
9 7809 696 8302 8004 7021 2377 2701 7717 7823
9 8900 8192 2931 2431 2666 7450 8258 3541 7402
8 1344 24 78 704 6072 6248 8224 5223
8 4121 4210 9753 6970 4666 1967 2792 809
11 4509 33 2171 4838 8119 6227 3909 5771 1012 5853 5278
12 6237 1472 2964 5092 1032 6429 3079 7516 8891 2285 7983 3810
10 3592 5828 926 4080 5503 650 5022 8277 8882 1148
11 8562 208 7017 6299 6114 8524 3792 3271 3790 9257 5123
9 6131 7625 5473 2089 6934 5144 6989 6292 1004
12 8507 3394 2238 7657 7092 6280 7293 6790 5343 6953 2198 179
10 4685 3510 6616 5371 8008 1917 52 1989 1959 1228
11 4786 8446 5174 2544 7518 2892 4601 6415 14 8309 9394
11 732 7317 2404 989 5096 1923 762 8449 5751 9315 8768
10 8564 7100 7608 4142 177 267 6604 4695 9816 904
10 6158 8818 1779 7069 1892 9122 6433 9288 6567 1675
7 8547 2460 9079 5632 8273 3685 8052
9 139 19 7586 439 5008 3833 8382 9667 4055
9 3167 7088 1092 4379 3862 1127 1568 8104 4985
8 6628 1770 7248 1742 4540 6786 5045 908
10 8996 9657 6100 5179 391 3217 2875 315 1863 8896
10 2214 2126 6767 8282 9100 1893 9658 5549 2812 8478
11 5624 154 6580 7140 3680 602 6766 1866 4994 6999 8118
11 1753 6007 5606 7670 4343 8467 8676 8293 9452 4693 5545
11 9584 3179 9824 9892 3501 3898 1083 9553 5976 4960 4748
11 3366 8296 4072 7755 468 3207 2300 8788 1193 3398 793
9 3535 6676 8670 3632 1793 2825 9059 5453 3967
9 3396 878 1549 5838 1124 5642 6094 9023 794
9 4860 3957 9706 6933 1360 9152 7949 2219 999
9 7555 5799 1652 5051 8416 6106 4538 8461 9914
9 7076 5468 1804 645 7587 2351 6068 7647 5788
9 6548 7488 1523 3915 6609 8353 1835 6149 3216
11 1140 1551 1942 5530 1340 7502 2481 6063 4077 428 1416
10 3777 919 580 9150 8718 6008 4549 7720 4552 6208
10 3771 3950 4202 7350 3004 5064 7288 9008 5492 636
9 8022 8796 8342 4250 1154 867 5579 2878 1288
10 9400 5538 6672 9024 1421 3850 802 7295 7749 3105
9 6407 2313 1816 6509 5227 1488 6977 2455 5846
10 7544 4855 6600 8333 7231 6974 6300 7411 9612 6014
10 1858 6153 7192 8007 5134 2809 5895 8941 5543 4788
11 3538 7661 3827 9320 7902 9651 748 7952 174 2845 7781
11 1022 2336 536 7519 1356 4610 7754 2877 4783 2454 6451
10 7189 1049 7294 9737 9897 5734 6533 2728 5056 1224
10 5015 936 3321 6811 3 6514 1229 8578 3856 6286
10 4272 4070 2459 2001 1762 1388 7341 3111 6264 9794
10 2176 9236 2727 4466 289 4575 2096 7861 9367 5456
11 2740 9177 5463 8765 9545 3358 3769 6026 1493 4739 7121
12 6660 6002 7553 5378 3254 8523 3021 7388 4996 5360 8394 1080
9 9831 8062 7976 5428 310 1786 7878 7563 9530
9 3336 9511 1433 7704 6425 1592 5594 8361 3878
10 2752 8504 4356 4171 1319 7632 77 7799 1486 4045
11 4078 5285 4830 9540 868 8912 4167 3013 4240 5055 5027
10 495 6064 3568 6323 7418 1856 5430 8485 2608 8517
11 4655 5658 4771 6450 4002 7890 1026 942 6145 6071 5044
11 6667 7172 8165 4766 9090 5848 3116 4414 9654 3403 816
12 2772 6998 4702 2366 4559 9268 7960 9893 6897 2548 8383 4444
13 3525 531 8607 874 8532 834 196 4238 4445 4993 9196 7770 614
11 1321 3443 6944 4623 5482 8621 2847 1057 8875 2654 5406
11 8976 7275 3938 8849 4338 2934 5636 5448 3896 1050 9916
12 1490 6051 7191 576 559 4023 3429 3061 9264 4147 3663 1259
13 955 3015 376 551 3208 2763 1117 7734 5183 7414 5621 8610 8525
11 1864 8408 2788 6144 2522 5376 1482 4554 1639 5444 2115
11 8462 1658 5304 1040 4760 4146 2828 5042 4265 3858 7764
12 7208 5345 1563 4494 6361 9173 9987 8750 5542 3308 1574 5839
12 4646 6471 3466 9739 2842 5504 4236 5491 5843 2959 168 7047
11 9265 3451 103 8216 5518 3786 6764 5785 8378 4293 57
13 5159 6632 7514 9319 742 4208 8063 7424 9982 3182 3834 9575 3384
11 433 6249 3209 9796 6570 1047 6686 5834 5009 4271 8348
10 4584 1250 631 1462 255 1090 99 1093 8209 3587
12 6226 440 3678 7257 7099 2449 7029 8030 4059 7181 2278 341
12 1695 4971 375 1817 2411 5399 5910 4981 8847 441 1949 4336
11 7246 7882 8021 7840 7283 848 1764 4755 2884 5614 6851
13 6422 8737 9133 3903 8429 9695 2909 2378 8204 9065 9790 7309 2053
11 8445 1998 7496 214 7739 6301 5234 7667 5758 1612 6492
13 8156 2879 7385 3494 4440 3372 5082 1524 5829 3420 300 7333 624
11 7335 9637 2597 8357 8803 3425 2622 6366 596 68 3992
12 8838 2380 5219 2713 2202 8969 1430 2790 4514 3639 9780 5316
12 7227 9462 380 6878 2142 6247 5116 3405 8193 2419 8325 8541
13 373 5515 931 6087 6594 6182 8079 715 8656 4267 7217 4907 7639
12 9867 7992 2525 5484 8743 1407 3123 7900 4698 5716 3710 9751
13 2688 9040 4364 2368 2476 1484 8520 5944 8661 646 4609 8539 3512
11 6123 6573 2905 9917 1024 43 5547 9812 9465 843 9809
13 8102 823 4938 6054 2692 3746 6262 6718 5622 7528 4308 8480 4011
11 4148 4152 8180 2429 6152 8481 9463 8505 7989 1452 3400
12 8222 847 7141 6871 4256 7119 9499 4282 5686 5441 2136 2811
10 7222 3171 612 3917 8014 1256 5926 2681 4639 2406
12 9899 9028 3750 772 1251 6543 9971 1378 8865 2581 5434 5695
11 7909 3352 3203 4312 8197 4331 9743 1110 3795 9275 8937
10 3601 5239 814 2282 6307 9038 7266 4884 788 293
13 3407 8205 6246 8902 5338 7338 5381 205 917 1147 4187 5053 9352
12 8457 6408 2405 4606 4710 8160 5701 3764 1634 6991 4895 9428
12 7583 1775 1280 9996 8323 3156 4425 8051 6619 1299 4881 1821
13 4633 1535 6564 2035 6040 2911 4833 7917 1985 312 9492 3062 4953
12 4982 4759 4969 8061 2791 652 334 2966 2974 8856 7829 8208
14 6631 872 6418 5608 5728 9361 3596 1730 4365 2886 5458 7407 7000 261
12 1265 1363 8583 8095 9442 6926 5646 1913 3642 6957 8042 1132
12 8846 3500 8337 8002 3971 6222 1763 4106 9437 9208 9648 1716
13 5489 8801 9339 6997 4126 221 8837 1875 7831 339 1542 8121 2271
11 1649 6130 5479 8435 5745 2512 1925 8140 4306 429 6437
13 6196 6473 2108 7390 5783 4874 1814 3032 9889 7200 9745 1824 5937
12 900 9178 1862 4222 6260 8279 1710 1151 5748 7308 8402 8955
11 6218 2471 2807 6057 4612 9837 3939 8864 1512 9991 6477
11 1258 8410 7896 8574 7915 5325 3556 287 5831 2150 5271
11 1975 5960 270 3220 8292 2870 4296 3912 3943 1139 2236
10 8612 2850 1829 320 7289 4140 4926 6571 9093 5474
12 9063 7631 2244 6771 3734 2048 3462 2562 1583 1189 9633 7439
11 8108 8411 3452 3978 2761 416 4764 5924 2421 7535 9543
12 4347 557 1873 3774 1974 1296 1395 1692 4361 2677 2071 2447
11 3020 9060 1889 5282 9168 902 2129 7981 369 6078 7159
14 5613 6875 599 5672 2113 9605 5808 9446 5610 1952 2944 6971 6662 8872
12 9214 4813 5682 91 7263 8755 8009 5467 9594 5657 3516 4660
12 3649 1562 6076 7332 4940 2993 7665 9883 3248 4124 7894 6505
12 1877 6578 9154 7747 6677 4930 6757 2742 1332 4352 9497 9239
12 5648 9503 9377 151 6821 5461 9580 2714 1724 3675 6432 2274
13 2059 2935 5372 1094 9819 8246 6624 2256 9371 2592 9118 6879 1508
11 9510 3391 3029 962 6559 2125 913 7674 1293 747 3030
12 9271 4145 5266 9976 785 562 8606 7425 6175 6459 6583 5627
12 4402 7455 7612 6511 6945 5891 6406 5093 3940 381 9936 6917
11 8586 4963 6387 3966 6143 6927 5119 5222 5148 7793 2656
10 9156 4720 1281 3393 5213 5124 9687 419 1964 9309
13 6763 7680 2190 8622 5164 3385 2818 1239 8577 7604 314 8652 5604
11 479 2600 410 4850 4174 5616 8714 2062 9747 1839 5413
11 2121 367 2610 1588 2565 4360 7990 2433 4767 9385 4949
12 2165 5236 7870 3291 4333 5685 6035 5743 7595 3969 6979 9558
11 265 5620 7752 1700 448 3728 7036 8236 1681 8041 1545
13 5235 1158 2546 132 6012 3818 1752 6447 8203 1807 6 585 5536
13 2322 2196 7556 1197 6615 994 224 2390 9674 3415 6966 6362 9534
12 9994 2549 8841 1812 8385 203 5916 138 7050 8611 1245 2167
10 9650 7761 3157 746 9585 3598 8499 4322 4422 5541
12 770 7901 2929 4913 3417 1735 5028 6419 3817 6713 6995 8129
11 5814 3865 1745 8819 2674 2000 4373 8722 5340 134 2206
11 8651 1677 6818 2014 5759 4678 2501 8088 2621 6748 3095
13 1003 2434 6727 2555 513 1705 8320 3069 109 9773 4925 756 555
12 3508 374 6039 3219 9716 7921 5329 2486 7883 106 4776 5942
10 7666 6241 7060 6857 4746 4669 3246 9294 7389 4863
11 7511 6679 9027 7958 1809 4924 553 5497 4721 5177 5242
11 9847 6163 9110 9959 7605 6651 5930 2903 8733 8085 4184
11 5842 7078 5974 8510 2086 7356 9896 5437 5815 2284 9774
10 5296 7162 2362 6167 5412 4181 6151 8634 5645 323
13 6510 6424 1318 8268 3134 7245 2067 6181 7042 8318 1082 2320 4317
11 1766 7486 1039 1747 9051 2853 3835 5837 3236 7136 229
11 5950 7828 2738 5394 2379 5188 9049 7249 2209 4449 4016
13 4664 6524 977 4537 6889 1767 5821 6622 8683 2143 2784 8169 3344
13 4805 3049 1977 7063 6528 9117 165 1042 9432 3669 3170 5396 1036
13 475 4027 8907 8148 1056 5104 6430 6282 2260 6939 1145 6050 8176
13 295 6527 4022 8608 3135 8430 8231 5705 5352 6105 3760 7213 5852
12 7444 8663 3467 734 7128 971 3925 4191 2687 9791 633 8580
11 8300 8527 2119 1392 7798 503 858 7957 7372 7301 7131
12 6501 9645 4922 4196 4848 6785 7978 5262 4461 5729 7149 4551
13 313 654 9362 1566 8915 1369 5588 9789 9770 7182 6086 3067 4101
12 4703 1611 5939 5580 4713 5255 3483 8962 4992 8280 8306 7109
12 282 9947 6155 5182 6788 5631 1554 2163 9187 7746 6531 470
11 9813 5688 7725 3211 3698 4028 6890 6341 4726 7566 3982
13 2424 706 9141 3492 9433 8352 671 3082 9011 105 8136 1208 9764
12 4139 7342 2442 6279 4421 2464 2247 7482 1617 5432 6746 4372
12 5514 4353 2720 508 3588 9443 7521 7936 467 2604 84 2128
12 7797 3630 5085 9841 7459 5528 6230 2192 6532 7812 9874 2768
13 5827 3115 4207 2496 6576 1444 3640 3897 7077 5962 8605 7129 8183
13 4718 4637 3432 2152 2760 7800 5494 1758 2868 8600 10 8895 978
13 5915 3343 6960 1069 291 3072 4180 3204 2821 3785 6942 7422 8863
13 5570 352 3607 8741 7716 5414 1241 591 5933 5309 3985 4348 3662
13 1632 5911 6176 5377 1294 8920 3017 49 2458 5433 1146 3108 2506
14 3090 6139 8759 3474 4270 6943 6322 9234 9176 6699 4075 7348 7700 3855
13 2781 9749 881 945 8473 7045 2570 2927 1126 3347 7 5872 8939
15 963 4205 4479 5601 5557 6872 9943 827 9204 4411 9771 8150 3520 4183 5251
14 8424 6521 9950 1174 5115 526 3524 3996 7315 306 3527 7832 8978 8373
14 2006 426 6535 8503 9532 3357 8751 9902 4292 7212 7161 9381 6490 18
13 578 1771 7865 4999 4071 7395 337 2081 7737 790 9795 1896 757
14 1687 3197 3120 4530 3990 4090 2352 6552 2985 1823 434 3124 8161 8848
14 8438 605 7272 2794 4134 32 6274 8403 7542 4608 7487 5386 9935 2657
14 9933 8772 4086 6378 6930 9581 5256 4164 7623 6466 7944 1729 7110 4801
15 9673 3064 9574 1413 2055 8106 3628 218 4114 8721 2923 8859 9848 4294 142
12 8177 5280 6011 1919 454 2376 5361 7179 5892 5075 5796 5447
14 1623 8534 8783 5068 4945 3446 1955 1518 5408 2983 7616 2319 5921 6456
12 5052 250 1362 5687 3933 9048 3301 2264 8367 9167 4529 9515
11 7760 8985 9203 114 6734 2664 3266 3743 8311 3779 7822
12 496 8351 9149 4349 5825 6228 8512 305 6371 2251 1956 5590
11 144 6655 8596 493 6129 6529 409 6283 5237 6244 2860
13 7492 6277 6083 8929 469 2109 3952 6952 3920 5049 8645 6787 6269
14 7551 346 5403 8951 4363 3611 9387 6504 8233 5457 4916 8230 1970 8672
12 2651 2700 9228 914 1533 6553 5669 2796 2359 399 8370 838
13 7026 5154 6170 1928 4624 750 3951 9604 202 8908 8450 3284 240
12 5423 5277 8 3298 1260 9805 2118 4614 7951 9484 2183 8592
13 8745 4117 957 1071 6140 3221 6352 4197 9769 7006 3778 9715 4275
14 3048 3947 6119 5199 6036 1602 7940 5113 8407 5205 5427 1579 9587 5718
14 7446 351 9322 2594 5923 2498 9989 1999 5445 4390 8795 5589 3333 4158
14 3847 5722 3427 9297 9659 2585 1973 2345 8112 8570 4303 727 3091 3722
14 9103 4643 3733 2040 3233 2680 3504 8391 7336 781 7975 4729 4520 1205
12 2980 6830 6896 5095 2989 5943 8775 408 7033 4391 389 8708
14 949 5364 6675 2437 7349 8952 6947 6367 9852 388 2912 54 1651 1017
13 3908 4061 7501 3077 3811 7620 3820 8878 3104 294 3650 755 8124
12 6400 9559 2050 8727 7943 9533 9195 3976 4255 2155 1291 359
11 9643 4935 6018 6867 7977 2180 5094 3713 4195 8688 7098
13 4001 3757 6132 9419 3736 1455 9726 7824 7305 5146 660 9054 8343
14 6873 5626 3809 3712 1784 8925 73 4093 6409 4224 8214 7816 6458 554
15 511 446 9128 7008 4219 9223 8256 3016 6575 2690 7538 2765 9934 8163 8530
15 6754 1626 6311 7791 9101 2309 5928 7826 8763 9690 9701 4443 3376 6773 1903
16 1088 6920 9455 5398 9788 4230 6115 8942 530 1377 1396 4313 9779 9012 2009 7916
13 7224 1096 1589 692 9420 3762 8754 753 1696 6043 9635 3445 3411
15 9579 1993 4243 4342 9029 3590 171 4320 6555 859 1663 600 4903 1485 9429
13 2536 8935 9962 6822 3485 485 7302 8609 8452 5920 3222 5623 2146
13 4385 5086 8660 1912 8245 5130 4638 8331 1480 898 8369 3354 3074
11 8804 9906 4278 1773 9397 6276 8917 2217 3078 161 3523
13 5754 1237 9622 2342 26 1212 3185 8906 9278 5393 7279 3593 3854
13 3331 1653 7423 8070 8931 40 6810 9711 4741 7393 9444 1381 8297
16 8393 7925 509 7663 9080 3152 5165 9944 3561 2645 6729 744 3093 795 8139 4745
15 7316 148 4870 2232 233 8244 6052 7025 8178 4081 2159 665 8089 4699 7723
15 3469 837 6670 1713 9458 3011 5991 783 9775 5519 3126 6683 9644 9356 6312
13 1382 563 8650 1869 4904 5791 5076 2777 9620 4416 6633 1988 4237
14 9888 5493 988 194 9937 9799 572 6485 4724 9338 5063 4201 5628 3453
12 8272 4324 8005 3684 3597 1411 8454 1598 7715 3033 6316 8753
14 8368 6884 9820 1305 9273 2515 986 9500 4506 2762 6055 2222 2025 4959
15 443 3243 5047 9000 7477 6310 1688 1604 4252 3348 3486 6948 6874 7695 8415
15 8960 5498 1516 4912 1777 7558 9592 5284 9096 8624 5250 8172 2111 6694 8776
13 5652 1238 3788 4058 5731 1023 8641 1706 1737 8128 3921 9956 3660
15 7112 2913 2331 4242 3545 9276 5752 5770 1078 2370 2299 7037 538 4401 7166
13 3166 2684 6846 7007 5017 6936 4190 5465 808 2257 2819 5201 3521
16 4840 4064 7708 9066 1539 5090 2297 1834 9365 9411 5288 1810 2596 5411 5245 5033
14 4824 1179 9036 7788 632 6659 2748 2723 2092 8681 8715 1310 1620 6462
13 1795 9157 5097 2933 3794 5184 344 5738 1547 7085 9166 8458 7589
13 9450 3218 7691 8719 8341 2737 1236 1791 9920 7867 7024 183 9237
15 9554 7684 7132 3269 2848 4752 338 8356 2741 1550 5665 635 6941 7093 2371
14 5088 5630 7379 8490 2085 1185 7968 1504 2112 3138 6271 6544 3097 8347
13 1311 8012 7649 5355 3002 8170 4486 7052 5615 8087 8166 1980 5337
13 9351 9817 2268 4085 1306 1931 3702 2888 8122 1465 8486 3463 6845
13 8784 8270 4157 1944 9628 3479 9453 6962 6671 9221 9194 853 6174
15 7707 159 2413 2532 916 8125 9697 2799 6417 2012 6931 1936 1276 38 5362
15 6750 4015 252 7929 4897 7997 1851 3169 7223 4286 2626 899 4839 2441 8219
12 395 3780 4823 215 2551 8464 745 5655 4789 5202 8056 934
15 3424 162 4087 1391 9506 1517 3999 8386 5452 7483 3725 5267 3518 1586 8538
13 1984 1434 9551 1394 1045 2445 2776 3994 5421 7903 6996 3447 7199
15 2867 6133 3117 7727 9190 1497 9393 332 2473 2470 297 1656 4727 3549 7613
12 2729 5029 4673 4983 8582 567 5795 5869 2641 4381 1164 4815
12 3638 1297 1686 1076 4393 569 34 1372 1726 2168 3232 4163
13 2510 423 6749 5014 9445 8873 1659 3932 5127 7886 1232 7386 9714
14 2786 8780 3392 1422 5050 8159 4384 4400 1183 8098 5844 8646 1857 2195
13 8019 3100 9052 6720 9778 1837 414 8623 3484 8350 7962 3184 3342
16 8269 8321 5684 4439 8158 2330 2015 6265 1034 1740 5786 8090 5683 2191 8284 7588
14 4691 9035 8685 6681 2242 4459 7673 1266 930 2448 2101 3869 9421 8521
14 2325 7253 4593 5931 3623 8840 9760 3766 5142 4008 7601 1041 3374 4234
13 7844 6940 378 3042 5312 199 2234 2577 883 4130 56 7582 6537
16 3174 7880 9282 4112 6062 7741 1768 8649 4973 8749 7259 2732 1667 2552 7313 2770
14 7510 643 6725 1366 8901 8312 8850 4304 9143 2011 6842 1495 3979 9382
14 8584 3800 2154 3595 5575 725 2824 9839 5558 8220 8587 9369 9435 1081
16 1732 7428 1506 845 8291 8691 7326 1122 424 7485 9519 6984 1401 593 1474 8526
13 1404 4684 2023 9364 7869 1235 7856 7642 4857 9954 5733 1153 2255
14 7991 6949 9573 8257 9262 2767 6445 3140 2670 7031 8362 7071 7384 3130
15 3690 1906 8613 1785 5784 4961 6178 5544 6470 3930 5160 3981 2831 6946 2726
12 9253 5431 7046 3172 2483 285 1569 97 8181 1423 7158 9032
16 8726 5953 6803 8862 6199 5480 6374 5112 2166 6824 7421 4039 1678 6586 2137 4249
14 728 7939 927 6951 1308 5347 4503 2304 8892 1171 9969 6691 9146 886
14 3186 2865 5384 5003 6975 2348 8598 6758 9337 1615 7948 2208 4943 9672
14 5969 1841 5577 8498 6881 6623 6800 7137 2721 1435 7662 5366 5490 3802
16 7318 2228 2117 540 6233 5102 9663 3363 5151 5607 5789 7281 9388 1118 4017 3316
15 8713 5710 1940 8657 2076 2901 5805 5229 628 1799 3625 3367 5540 1570 6610
18 2984 7862 3945 9392 8212 63 4441 9928 9037 4706 502 8130 4778 2456 5940 9219 5107 9965
14 1831 1011 2207 5706 887 4645 2213 2916 3651 3252 5240 935 7242 3037
14 4501 6266 9985 3402 3565 4051 2759 880 7467 9566 129 1172 3096 5985
13 8092 7064 985 6404 7044 5868 5678 1160 3187 6134 1450 6386 3900
13 9729 9439 8514 968 9686 1655 3829 3942 8421 6700 911 2032 7640
15 5539 8377 9087 8549 7805 873 743 5204 4129 7692 47 195 9155 1087 8552
13 3112 4988 6391 3843 2578 7873 9172 3718 648 7267 8476 2750 1247
15 3279 694 4936 7307 6923 7624 9192 8179 9159 3241 9873 6698 2669 5548 1272
16 6042 751 3480 7464 9301 9161 4972 8769 8535 6020 1846 1200 925 8827 2057 3709
16 8487 4182 9408 841 8227 1446 8747 2184 5481 9498 2347 8319 9425 4007 8334 6313
15 1733 8571 9623 4613 442 4404 3591 9291 2329 9527 4587 9688 7094 5694 2224
15 3473 9312 5407 6104 8305 9865 303 5757 9489 7557 7801 7609 1616 4471 5914
15 1792 4110 1367 4621 6569 5990 2683 9091 85 9006 7694 8396 1349 253 5331
15 9044 1219 5749 2182 910 5638 1670 7893 5750 832 2602 6005 7130 3941 8861
15 9485 4407 4369 4300 8015 5418 7851 5334 6850 7322 2078 621 489 6389 6084
15 4206 4654 6987 1473 8191 4386 5215 8239 929 5054 244 5249 347 6394 1702
14 7432 8593 6159 9360 7401 1442 6335 2573 9269 7819 1950 4995 331 3235
13 778 125 8825 3748 5902 7659 626 8470 6399 263 2516 4690 2369
14 2505 6472 113 1708 6201 4166 361 9354 7489 6191 4859 8262 1822 5000
17 8585 480 2914 8298 9894 13 1754 465 9955 7238 6551 343 560 3732 8844 1257 2467
15 6001 1625 2650 2946 9300 4366 2252 2079 5871 7168 2488 3272 8808 5675 2951
15 3027 2399 4018 3902 1464 4649 8474 3953 335 5779 5553 3001 6332 5765 7027
15 6200 6901 7160 4326 1958 4768 7784 8397 2099 6047 4758 6596 2420 4618 9529
15 1902 9679 627 4882 9331 1564 3340 8285 1074 3160 703 8694 7417 5020 2095
15 3382 9522 672 8442 8739 1647 4527 1438 5013 642 7615 4811 2052 736 158
14 5357 2321 459 8943 4470 4962 354 3879 3647 5882 2805 4301 638 7030
14 3189 4254 1295 7821 1751 2091 6978 6955 1125 6768 3574 1181 7849 9349
16 6959 6021 7185 9165 712 1962 8434 9106 4525 411 180 3884 5207 2976 1728 3303
16 6454 197 2673 3752 1979 4843 9398 4368 3438 4149 4281 964 5405 5787 9191 523
16 8555 5696 3970 118 9910 806 5141 2346 94 5036 3238 7357 8094 3163 8858 1373
17 7062 3863 3034 7362 8261 353 8648 4630 8496 4820 9363 2572 4700 789 6858 1904 3495
19 6267 6847 8275 4731 2058 4711 4765 9591 7733 7895 345 2567 2705 7658 5865 5804 3450 857 3503
18 6661 565 7675 55 1744 8264 4626 8703 3050 4074 9596 8568 5073 3000 6315 6209 1844 3299
14 2926 3522 775 3426 6004 6370 3094 6426 7537 6207 2250 236 292 8495
16 7228 407 2124 6096 8049 5152 9335 801 7331 4574 464 7156 219 2840 1614 7622
18 6652 6849 4200 9456 3144 4424 885 7271 2293 9413 1926 4502 1277 6494 4406 4577 9175 4753
15 1412 6302 5114 4351 5668 5311 8493 4334 4653 9092 7298 7347 3904 1290 393
15 1991 3824 2575 5191 400 5415 5941 8842 2469 7124 9871 3258 6384 5643 4216
14 487 7845 1698 5103 9877 7796 9058 2482 979 7053 9258 4793 6682 9486
14 8018 2997 1451 9266 4451 4708 2240 9313 5689 3602 4894 3658 6587 1818
14 8866 9125 7627 4115 7075 7104 758 4478 6273 4906 3285 3659 6988 7173
15 9189 9062 8188 2262 4775 4428 1386 2494 3092 2960 9885 1417 3383 4030 2027
14 7730 8508 6862 8588 7732 8581 7210 8857 3880 2876 3993 9216 1646 9589
16 1867 4656 3213 6342 1789 9777 6457 8967 8810 3181 1573 9307 4397 6789 4743 8903
14 1249 1279 2372 3375 5850 4387 8039 1358 8633 6009 3273 5383 8972 1718
14 2294 4657 8692 2833 5137 9826 6707 8463 3224 520 4631 4854 623 2871
14 4955 4662 5993 482 1739 6476 9853 5753 7277 143 7410 342 5593 2356
15 4419 6925 6186 1750 610 6981 7549 2280 5641 8712 8221 7367 7256 5168 2866
13 6411 5373 2105 7864 9669 1483 5704 9660 2003 6870 3830 418 9329
16 8053 2034 328 6344 104 1932 5802 2550 5425 1915 5143 2337 3458 9426 9160 3410
12 6982 2318 5876 4580 9833 2830 5140 1364 9430 9516 5460 6635
16 7688 4603 7792 9013 798 3754 4260 2487 601 9792 7346 4159 6726 972 5155 5776
15 9655 1309 2646 2227 2114 1669 2301 2193 5773 3742 9005 3624 9468 2941 3057
15 716 1911 1935 5957 7002 7284 2349 9890 4795 121 1334 1901 5794 2543 4980
15 4453 948 3529 6919 5692 9333 6075 2930 8406 234 4389 8384 9514 8732 4446
16 9050 2537 6613 3192 6329 4652 432 4563 3886 2725 3098 9806 3948 2719 5390 2387
16 5741 4846 3816 7454 1537 3845 6041 5803 6508 2798 3454 6487 9757 6523 9525 3682
17 3003 6646 6357 4447 5206 4091 8687 7672 5197 7330 7429 595 4472 6388 7930 6173 1538
15 1722 8697 1843 4475 2400 1666 1165 7441 7839 1240 4507 8705 864 4263 5120
16 27 269 7475 4942 9431 516 3099 2710 3585 1203 571 9241 7081 6229 7343 6337
17 1662 2712 6162 9759 2967 6376 997 2100 7693 3676 5922 5867 5397 7783 7375 1636 2407
15 9668 6117 5835 2475 6864 5860 7956 8494 6666 4227 4858 9744 2553 3288 3281
14 5596 9116 5859 3464 3844 1234 1943 501 719 6015 6446 2288 8195 1622
16 5379 3781 7280 2246 7877 3014 9570 2230 3175 8254 5335 3696 9004 5824 2629 6442
15 5105 4097 1002 6449 5241 123 5286 6833 8816 4543 3870 1466 1888 7971 8278
16 500 3613 7201 4856 5996 9296 4277 3264 1475 7885 2636 4862 5129 8240 6540 193
15 4671 844 6259 2541 8758 124 9077 970 9905 3046 9940 5970 4462 2022 5510
16 7453 3964 2215 5043 8286 2735 1627 812 8752 7512 1170 5513 6193 9909 1609 9348
18 8782 8989 1213 6079 1262 2533 9861 225 7437 5192 458 8981 7738 58 6128 8013 9595 912
16 1828 980 9856 350 8916 5870 4619 9015 1496 3693 3300 7953 1131 2653 2020 3196
14 324 2661 4722 1529 2317 1233 7795 876 6549 9717 2044 8678 2435 3212
18 4535 5769 5666 984 7931 2523 8024 8644 8614 810 1449 7906 1673 3031 9198 6695 1327 5231
18 4635 9343 1760 6714 2046 5470 6895 7177 8666 7668 5963 1159 4432 2316 8048 9681 8674 1162
16 3455 3047 4026 3783 1637 8974 259 7846 8050 2064 4285 8513 4517 6664 3240 8885
16 5400 815 5600 1691 4395 7019 1491 8037 4952 9277 1068 5244 4178 3060 7383 8964
15 9872 3581 7133 2218 8364 7699 3487 5961 2540 4144 1515 2389 6844 2520 2783
15 6204 8419 9355 4111 8599 6172 2237 5395 6328 8142 8143 6053 7804 8590 6231
19 9625 8913 64 7767 7364 2343 2832 5904 9340 1572 6865 8206 7072 1156 1780 8184 4095 4648 6349
17 5032 1008 6067 2205 5098 6216 1859 5702 2082 4558 2220 9097 8465 4127 9977 9875 7369
16 8038 5350 72 1502 5525 1781 6563 9384 549 9064 9441 4456 7260 1359 5353 8970
18 1886 5708 5283 3719 3226 5698 1315 3070 4232 3465 6730 9415 5812 1941 7581 4565 6225 4769
17 7399 9963 3373 5289 1167 4987 6603 471 6618 1403 4607 7202 6356 3009 9179 7830 9321
19 2939 4162 4873 2649 9068 5965 9836 9756 8815 8436 9233 2199 7306 1879 478 9810 3894 1951 952
17 2314 5746 6099 456 5905 3923 7942 4287 4511 3087 7772 8653 6339 3413 5984 182 2492
15 9629 9618 8035 4826 5099 1128 2609 2755 9891 7961 9389 2992 6202 4176 7022
16 2564 7188 9261 8405 2080 2499 6412 7603 3657 9039 2221 7679 3958 1335 7262 2425
17 7874 5426 1209 8799 7645 8289 6602 5653 1715 3935 9523 4177 8682 5768 1790 3107 1393
13 6056 3968 1870 2711 7296 2277 8133 5295 524 8832 7452 6138 449
17 9850 3913 2779 5897 8314 7794 88 3551 3359 5572 6038 969 1182 7490 384 9436 6185
18 1850 3066 3412 7593 967 4687 9477 2945 1939 4199 8658 4719 2623 111 2334 568 4921 7380
16 2333 6263 8153 6092 3875 2338 5880 7292 6093 8704 5671 2438 2869 8767 6916 5772
19 4493 9345 9849 6253 4784 657 8950 5581 1215 9242 7726 4736 5586 8897 3681 7644 3129 3767 5522
18 6416 2004 420 773 8540 1196 6724 3349 1380 6383 9693 5083 3190 427 7080 3353 4735 302
18 3986 9818 4628 504 2795 3972 8025 2631 8671 6469 3162 371 1605 5274 507 15 4186 4576
16 3553 7184 9479 2465 4165 5002 8839 7320 2858 3579 1443 2744 5737 956 137 4423
15 9483 9736 5012 200 4744 7352 9563 8556 4941 6794 3073 8379 2963 5066 9402
16 206 2977 7841 1459 3548 2754 9231 2010 6547 5987 4420 3812 3980 4310 7779 2173
14 990 5699 2987 3119 9111 8811 6284 112 6107 5125 1830 7376 6665 7967
16 3989 9475 1323 8548 9137 3761 5358 7498 7548 9123 3874 2702 4452 4496 2893 8149
16 1216 9180 1743 947 9590 3997 1918 7070 4512 5401 2560 5035 4084 3377 4376 9248
17 3987 1638 6967 1187 5790 4102 541 1595 1883 2148 8115 8851 5611 5723 4944 3882 609
15 9244 4113 8874 4832 5208 2632 2417 7468 466 2444 412 8455 6293 5830 2593
17 4780 6355 7914 3673 5617 9217 8175 3977 1222 5259 6090 7255 6438 75 6441 6520 1899
15 8766 3773 5833 7147 1152 5727 6756 5194 1914 1606 4572 9003 4288 7763 8303
15 3715 4600 1441 5121 65 861 1169 7358 8313 4812 4482 6032 679 9267 272
15 6354 6334 1410 9787 9041 3937 5609 1432 9308 6082 9424 5037 9560 4235 8905
16 5676 6696 6365 9317 2957 1048 6801 2706 6644 6098 9067 515 9089 8995 3149 651
18 8546 9741 6536 4354 4819 4031 6796 9504 5005 6658 8975 7637 66 6452 1619 5071 5726 4116
17 5010 7838 9464 1788 5081 8511 1066 1399 7065 5026 7211 5485 3575 6839 4515 4539 1105
15 5216 9547 8443 4161 2102 5927 7329 7297 4340 3798 2851 9153 5214 4457 1009
17 288 3787 9740 6900 340 4531 6938 1825 1594 9283 5319 6095 1387 7122 2008 6421 981
17 8131 7251 145 363 1965 4977 674 2045 6935 6584 3035 8940 9898 4763 2699 1694 5585
19 8785 6496 821 7806 6863 4392 336 6776 7415 7919 9120 5079 477 44 6025 5317 5766 5417 1689
16 4534 5118 2462 1983 831 1654 9939 1312 7097 2969 1101 8267 3280 8730 7719 6689
15 2231 7083 2743 8016 3005 1 3471 2254 7654 7419 3173 3390 545 4686 6825
19 9289 3542 6599 689 1601 722 9707 9440 3435 1648 3723 6252 1120 4532 7433 5903 2491 5605 6630
16 9281 4297 5133 9286 4261 6440 48 8928 2385 9124 3421 8034 7590 7010 4658 2253
18 115 4194 1721 5034 3655 4732 4986 8871 701 4522 268 7825 4674 7775 8043 7569 4991 729
18 6647 1445 2955 6019 6270 1300 6906 7014 6147 4829 1576 8675 9588 9238 733 8636 9310 3482
19 9677 3916 8830 1498 9710 8255 2204 3499 4545 5218 9864 2083 108 4625 5281 8762 8232 1641 3543
20 697 3828 7626 8669 7443 2391 5260 4427 8281 8887 6368 9350 7524 4920 8265 1027 3552 9930 9614 1827
18 1836 9755 759 3511 136 7643 8748 1725 2582 4825 763 6234 7479 6626 9800 617 5031 5573
20 3853 8201 9870 3744 6744 8986 5649 875 1963 5603 5313 7082 6192 5820 5327 8345 2731 9665 3918 130
17 9804 5501 1478 1201 4849 3960 7617 92 1805 6779 5782 8800 3256 28 2392 2216 1738
17 9557 239 4754 2883 3229 5878 6135 8250 666 7594 4705 9951 8066 1546 5416 3799 7183
17 2077 275 9703 3491 2273 9328 9353 7363 7980 3637 1097 9086 8922 6808 1924 532 5268
16 9284 9207 8218 4890 7585 730 8388 4332 7778 6381 3038 939 4560 2972 7706 7515
16 9410 96 8189 9639 4688 2857 7258 9723 1685 5273 6888 4636 1371 3148 6287 3024
19 9542 2778 5537 3080 2290 2415 9 451 3745 4569 1854 6142 2144 2186 8044 6617 279 7032 8441
19 9185 9828 2440 3449 8629 2087 5527 4357 6634 5109 1089 723 2586 9026 7850 3142 6566 4730 8667
17 7636 8854 1494 9960 2970 9783 5030 4367 6427 1149 6597 9215 3497 9140 9316 147 1746
19 7887 9638 7244 3530 7762 6118 9083 1073 1855 248 4958 3724 405 6392 575 4220 4454 4717 5934
18 3741 7646 987 4137 2289 5131 7568 3231 6736 2197 9601 889 226 4548 211 2365 7972 6673
20 5883 8418 3889 7664 8083 5582 1254 385 2502 4547 5847 5520 7001 5175 7591 3775 6350 9765 2615 8773
17 1802 6046 7261 1307 3370 281 9649 5612 7058 4579 5077 6826 5720 3283 4355 4499 2028
15 8814 2178 8483 9572 5170 3404 9423 5861 901 1155 4311 4807 8909 1289 190
18 9280 6184 5599 298 2451 863 2049 403 9627 3351 333 7028 640 5639 5562 7394 7334 3381
17 5339 6983 5836 7985 35 8591 9884 1994 9171 8792 9034 8138 3672 8425 2614 3975 7400
18 1098 30 2031 8968 2364 280 9478 5523 1503 235 8779 5925 7527 7484 1676 6526 8572 6488
17 3974 7785 7207 2375 7413 9798 7460 3806 7135 8695 2801 1575 7774 5100 2386 6649 2814
16 1607 5232 2103 1390 9405 2859 6059 822 7304 5526 5798 2065 1115 9641 169 2648
17 7426 3198 4033 905 6235 3083 4716 6324 1161 5763 4460 4442 4188 9490 476 101 7750
19 59 2453 9652 4650 9562 460 273 4588 2630 1500 2457 2315 3801 8477 9676 3350 329 7087 6621
18 188 2259 6965 1593 4919 6819 6351 7351 3395 2326 2889 1796 3907 9725 9957 7300 6308 923
19 8447 3838 2995 1292 3259 7652 4484 8127 1461 1263 494 8731 5326 4594 6772 8707 1114 3895 5108
14 6126 9373 284 7523 4589 1741 4034 8316 60 8064 6656 2531 2998 5300
18 6402 9380 8185 1347 3899 1798 7505 1063 6732 2418 4108 4213 2773 3076 3304 5739 9061 6077
18 3234 2116 893 9274 3837 2908 3468 9181 7651 307 2056 1402 2751 5024 7650 4079 7993 9306
17 4096 7084 3052 2671 7768 4123 5535 1930 4358 4997 6721 6238 3215 8253 7820 8632 4629
17 1953 1727 7041 4345 7996 2149 2127 6481 7153 4302 7142 7530 7580 6124 9199 9953 6498
17 4192 5955 473 9568 9075 5186 3643 4405 6606 2363 836 3307 6836 274 1849 8082 5272
19 6166 5697 8793 4032 6880 9732 2852 6203 9414 4185 5841 3346 3893 160 4100 9713 7398 5147 6503
20 7178 5888 3603 5451 4211 7165 5690 3905 7858 6330 7270 5936 1037 4851 8058 6372 9466 856 2156 4976
18 2940 3315 1871 7039 8662 7220 5021 3043 799 2644 8602 1242 4464 3056 9603 9992 2292 9520
17 7808 7629 7757 9727 5039 9704 2412 9868 7959 6669 958 9582 4485 5436 4214 3008 4455
19 2826 2897 5634 2535 6022 2873 7203 276 184 3481 9186 3666 8710 8497 9438 2861 8440 8565 5
19 7154 5464 5505 5998 8936 3423 131 2953 9702 102 357 3813 5938 6506 2530 1671 966 6103 4458
16 1813 6010 7274 2162 7500 6783 7290 7576 8910 7493 7545 3608 8489 6835 3085 7564
24 918 198 437 9555 9260 8484 4109 7438 4487 1355 6774 7541 6530 4931 2703 8637 9632 5679 4915 7543 9210 2033 1972 7974
17 8701 7370 5661 7243 7913 3461 7005 8990 6089 4887 9993 6638 1418 888 7884 9057 8736
21 2655 8680 7728 4869 8999 4217 254 2642 3519 1447 6160 5793 8453 7157 447 5189 6777 4562 6688 1150 122
20 6500 9126 4500 1458 2358 6377 2634 1469 6712 5365 6217 2181 5264 6590 6913 2619 2026 5954 7602 8167
20 1672 3261 415 7854 1519 2566 1769 120 9078 6031 1015 61 7252 3714 9341 2698 6080 7478 5117 3151
18 3570 1585 4382 4773 4497 8746 4910 4519 251 7836 3355 5972 8065 2943 8315 2147 6398 8074
18 5356 3488 1322 8798 3872 4683 9134 5091 498 6297 3704 1481 4668 7964 3397 4672 6522 3954
16 6556 707 7269 4094 6770 8777 2685 915 8472 9147 36 8398 3153 2398 5454 5173
21 2910 8147 2746 6807 9226 2806 5979 4661 680 8774 4596 6795 4035 8575 3150 1717 791 3626 8000 4065 951
20 3665 5854 3819 7735 1350 6657 5707 8287 2988 5982 4524 3804 9014 2402 6904 2787 5466 9246 7303 4073
19 3147 4151 2730 6591 6806 668 277 6306 4737 3536 356 2367 9240 5524 6752 6434 7311 7214 1948
18 7685 2303 940 5574 1336 3763 488 2835 6006 2558 6213 6876 6069 1329 3507 4667 5387 8011
18 2637 9682 5449 6179 6861 6921 1709 7126 7103 4251 9903 3946 2904 4679 7536 630 8567 8918
18 2965 1509 2563 534 3751 2229 5673 1051 25 3832 8983 3782 5949 2041 3668 3852 866 5488
17 3814 828 7634 4675 8103 2151 1338 1163 7888 9113 5011 2504 7105 5566 9030 779 4269
19 7291 8155 8987 2576 9610 8448 9108 1514 3959 2401 1030 9330 3245 807 6345 7721 3559 6048 2822
19 6739 67 7910 4268 3155 3265 535 784 9851 7866 7197 9855 8114 5419 5163 9072 8459 1820 7236
19 3247 9304 6769 8971 8954 3857 5276 6680 3509 7447 6495 9549 5265 2093 2423 7403 9781 7818 3711
17 2291 9541 2383 4276 2395 7264 1759 3128 1467 3821 9105 5226 1186 4616 1389 2036 3656
20 3599 718 2583 7759 5217 1610 573 510 1055 3330 9616 1061 8381 119 6924 3239 5275 741 42 9602
20 9689 9946 1910 213 8961 637 9552 8358 8001 1630 9342 5486 6932 7743 4380 7020 7837 7219 364 2907
18 8326 4878 4592 81 237 6973 2272 9823 825 402 6990 7815 6588 7753 3068 4314 8390 8194
22 8433 9535 6474 9621 1905 6232 3007 8853 7096 9109 1826 4847 4814 5198 9412 4053 2605 2135 156 2265 8164 4516
20 7127 2509 570 3619 9821 8805 7218 6814 3911 6775 9007 2672 7979 1922 1195 3193 1969 9784 6164 8010
20 7875 2950 9961 5072 6837 693 3891 258 4692 5446 5592 7471 6081 5059 7817 5247 3876 2717 3515 4914
16 9615 1079 3796 9932 5462 6120 2066 961 2588 7908 2038 4209 4541 2323 1268 3113
19 9467 1861 2556 9480 2373 8072 2396 5269 2686 619 1194 3477 2436 7937 5351 51 2394 4682 2561
22 8374 7899 2919 6639 3572 1029 20 6761 5919 8894 7891 9259 3931 6268 1581 3705 8107 2187 7853 7843 4021 3334
20 150 1230 1191 4709 3121 2037 9346 4799 4845 6393 846 9842 8869 3566 2978 9084 5193 9202 3242 4781
17 659 264 3324 713 7412 9359 3414 2060 1748 589 518 6326 8003 3306 7539 5126 4835
16 1405 1243 1860 8399 278 7392 8537 4872 7606 9967 2986 2697 6275 6034 7713 8531
17 7638 1881 4135 4591 9422 7143 6640 9496 9183 4274 3580 3380 1180 4396 2450 133 9220
17 7396 3317 8949 1166 514 7339 7789 907 212 4024 7923 9094 8401 5301 1565 5420 5583
15 9016 2829 173 1006 2899 3441 9915 3493 6809 1368 8529 9980 9973 2568 1123
20 3695 606 481 2611 6735 1269 7004 8543 6572 6023 839 9728 5999 7736 5945 176 1067 7254 5257 1629
14 1330 3071 7690 7560 584 6290 9569 7175 1987 3906 1231 8492 7074 7445
15 3274 2179 6405 9978 6706 6968 8359 8360 849 4153 5625 1173 8502 6045 3914
17 6137 6708 7920 8640 7232 7724 6251 7146 6860 5556 7325 4037 3399 2739 8414 9366 6852
16 608 7247 4289 5080 7689 8998 5040 6165 4802 152 519 8028 544 4014 9949 8619
15 3292 625 5775 8789 100 6883 6961 9021 7550 4510 4476 3699 8560 9071 3199
15 4779 6453 9188 6782 2896 891 681 2157 1997 4868 6154 8310 7744 2042 5964
16 3195 5212 5781 5797 7169 5512 317 752 5598 4917 3329 2660 217 3573 6101 7061
18 3023 3594 8307 4248 7209 4605 4893 2620 6517 8468 8141 699 7614 7635 9699 2307 7409 8647
17 5385 2971 3433 1797 1895 9488 2211 4968 2994 4450 9325 6702 7681 8770 5308 7016 804
16 7572 2932 6641 4905 8797 1874 6169 9235 3389 7596 4738 2360 5370 1456 8740 4879
15 2534 166 2774 714 2239 6711 5909 8654 3871 6028 7847 6221 3755 4104 8162
16 4581 8833 5777 9921 6211 597 4979 690 731 4900 8437 5654 9537 4398 6731 3759
15 3544 5873 3106 8365 8735 1102 5303 6728 9290 3260 3305 50 5450 4573 8123
12 583 7868 9200 2545 3267 1532 7319 8761 9830 3928 4611 1986
13 4659 93 1270 2172 1582 3965 9720 8413 7416 2466 9722 2084 4533
15 3401 1961 6278 1723 3582 2381 922 230 6705 2769 9099 4796 5822 1415 2948
15 3422 8196 3919 8679 7982 8146 9776 9814 2188 5181 4489 8417 2158 8809 8625
17 9409 4198 1995 8953 7574 9857 8899 1978 110 6856 5550 6467 1043 4495 8693 7540 8690
14 9164 2603 5261 1714 4665 1326 1868 6827 4617 8101 8207 6190 1682 8744
18 9521 8930 2973 4283 6812 8988 7892 1772 6373 5713 9986 1448 368 3944 6066 860 8032 7881
15 22 7138 246 2800 7101 3448 3337 1712 4595 7079 6281 128 542 2808 6484
15 326 6709 9132 1107 9564 8031 9966 2107 7912 7547 4928 4328 4798 8959 5153
17 5084 8673 6108 8174 3791 1328 8500 8266 2954 3839 3444 5004 4005 6717 3125 2266 4550
15 6765 3664 702 4044 9104 1909 6136 3249 4901 6502 7359 780 2665 5509 769
13 9664 653 3991 1108 1246 7965 3063 9900 9508 2074 6745 9206 7618
15 7355 1052 1104 7827 3708 4000 1385 8248 3910 4370 8689 5532 7905 3961 2432
16 6483 9295 9114 884 1587 7118 8870 5546 2890 4762 9010 2021 7571 7324 7503 7176
17 6654 4426 3022 1501 90 4886 8294 7855 3670 149 5306 7529 83 9835 4099 6854 8542
15 6841 5391 3540 3362 1427 4280 9020 4215 383 3036 6798 2638 2524 506 7337
16 7872 5717 1908 6894 6489 4782 7229 2339 8047 1070 6420 8444 3600 5178 4891 6859
16 9631 6582 7276 3646 7722 9692 9376 6653 995 3936 594 8924 9025 2043 6486 1848
16 4435 1221 9678 3110 5041 647 6065 9139 6886 726 543 2495 9417 8881 2854 70
16 7038 2836 5367 1548 3877 2353 7567 8223 4036 4680 8023 2245 3496 6444 116 9653
18 5900 7610 6784 1274 8057 2694 1453 8157 5521 4803 7215 1731 4712 9130 7089 7696 7803 5640
13 7102 4978 9844 1255 3922 6980 4876 5238 8794 4585 8643 2764 6710
14 5225 1882 1966 7205 2139 6413 1143 3459 4103 9926 9232 9245 4341 2815
14 2276 8283 4483 4329 5565 3554 6797 8991 5307 3081 6396 5299 529 8509
18 8404 2529 5180 9536 9031 372 4651 8812 397 7235 1794 9793 656 7506 4918 2882 6703 2063
9 6358 6303 89 1618 9368 1253 5440 2958 3694
12 98 1060 2477 616 8831 8626 824 1507 3995 3180 7687 9318
14 3539 3805 8880 4790 7513 4640 1679 5956 5563 1199 2503 1684 2203 2802
15 8349 2138 5864 9270 9524 8132 8210 8723 6994 7810 819 5409 1499 1177 8522
19 6898 1578 3661 4964 5801 7835 5877 7918 8545 3338 5290 3297 539 5913 3671 5517 2039 175 4888
15 6187 6816 6637 2070 7491 4083 6918 1264 9403 8091 550 7167 3326 8914 8134
16 943 5886 3730 9163 932 855 499 687 3210 9222 2663 8099 9418 7947 8926 8426
14 5023 170 6636 1261 2258 5354 2599 3137 4787 2513 6804 8226 738 4632
19 3577 5187 9924 1599 920 8553 1521 7195 2956 2226 9148 431 4257 242 9970 7368 3841 7562 9406
17 8734 6922 3127 800 9509 851 709 8824 8958 6607 9772 7310 4774 4615 3419 512 2839
17 7139 3408 2789 9076 4867 3475 4877 9630 895 5161 9211 661 4295 9298 5048 7472 1884
15 3206 9272 8432 8040 6214 1248 8867 5899 6288 1273 4756 4062 7933 9600 9942
15 9766 8380 8829 2917 8615 0 3770 3139 6554 4564 7405 2922 9981 6903 5997
14 1225 4883 8821 830 2185 8684 7710 3434 6627 6261 8271 8686 4438 676
14 1168 3327 39 4169 1492 5158 9990 1590 6831 3051 9811 3689 5074 355
15 5404 5988 1119 3634 9807 1218 7043 4264 2612 4321 4043 1838 1645 9882 7863
17 739 2355 8366 1077 7116 4225 4204 6435 6855 4841 1832 6550 5185 2177 9887 6177 928
17 5302 9135 2141 9252 9608 4694 191 1596 9112 6364 1400 1665 1028 3472 5321 6741 5025
14 4892 8781 890 7552 8852 4193 3312 1468 4262 8589 4394 5700 1010 8601
14 4168 6716 7170 3055 5851 1736 8073 7387 2388 1343 4244 7234 9880 1808
15 4258 5744 9314 379 3364 6585 1046 2270 3604 6937 2427 4316 2511 3122 3840
16 9471 5742 528 6436 749 3371 9494 5038 3075 4042 4553 6762 2936 9797 7748 3892
12 9593 4408 7206 9544 1642 1346 7382 3314 8948 483 2872 1765
13 1782 3168 8344 6390 3188 4298 9131 3797 777 525 5890 1900 9073
14 3146 6802 7578 2785 4747 457 5287 4513 3571 6448 7285 2279 1530 1894
11 1436 9085 7463 8126 6568 7871 4012 8259 8475 9386 8528
14 6197 2518 9102 9448 223 9033 5007 4291 2827 1121 6000 4006 2384 3563
17 6693 155 4871 7449 3409 1220 2302 8241 4245 9948 2844 4246 8729 527 5349 1353 8595
17 959 1603 2104 126 4223 3418 7546 3416 4967 9609 9326 5471 3158 2248 6928 2393 6161
15 1635 4704 1633 4933 1198 4556 7090 2659 4128 3131 7898 6668 6027 2312 2633
13 220 5806 7241 7683 4641 1439 3621 6907 3293 9845 8077 4048 6701
15 2311 8627 2397 6650 2928 4325 8982 4864 9879 7592 6813 9869 1351 1690 3457
14 581 9404 4908 3883 9979 6969 2106 9224 6985 8638 9708 2624 8979 6343
11 204 2990 5067 8376 8060 4060 711 3864 3460 6423 4697
16 2557 8696 2639 5508 613 4583 9840 9263 3201 6755 4785 9750 53 6157 8322 8558
13 9624 8260 3065 2902 5475 5764 157 5567 4221 2075 5767 2797 4804
17 2018 392 5725 7702 7115 3103 6747 3368 5693 3768 5254 5879 5858 5210 9473 2598 9193
15 3101 6359 1591 4792 973 4374 4542 6869 62 461 5211 9043 8764 290 394
12 370 4054 2736 3949 7404 3045 2898 6954 7420 8711 9169 7299
13 4305 9018 4412 5552 3583 9162 6180 3956 5711 3620 3849 7559 2422
14 3442 9972 6834 8573 4984 558 8642 3860 6314 4544 2233 5110 7565 6194
15 4141 8211 2709 6305 9945 3614 4019 8802 3644 521 9718 5755 7461 695 4701
15 5714 552 8977 5087 8144 7440 9427 4956 6577 4029 5298 7600 7790 5618 2925
10 271 3562 7186 4231 8217 6737 658 991 1099 1103
11 2574 6778 2601 7973 1384 7230 615 6891 6539 6840 5816
11 6914 1526 9731 1528 3873 7321 644 401 1558 9694 2480
9 5422 3237 9696 1370 2961 8460 6740 8110 7107
11 8557 17 1525 1992 2350 8116 9561 5533 6491 669 1487
11 4344 4880 7469 9803 9767 663 1463 894 9311 6687 5564
7 9886 4957 164 9142 1555 167 8876
11 6950 6121 2782 3784 8635 1489 6024 5715 4865 9626 737
9 9205 9683 4107 417 117 8234 547 2679 8519
10 517 8423 5058 9399 5203 2243 3268 566 4076 243
7 4853 8628 1628 4831 8336 3793 6029
4 5946 4663 2013 5994
5 7114 954 472 2693 840
4 5111 7570 5866 5932
4 6455 6294 4946 3627
6 8482 1982 6336 6379 4492 3165
2 3194 8668
2 107 7011
4 6113 6327 6250 4523
2 9502 3088
2 8888 3440
2 2382 7954
2 2579 1755
2 201 9617
2 8771 2733
2 7268 766
2 561 6401
2 717 3053
2 1176 5691
2 4677 309
3 5135 7655 5968
3 9254 1271 9138
3 7934 6410 185
3 9911 4377 4088
8 3578 4433 1865 6820 5322 9323 9407 7859
8 1990 9082 1207 6899 1513 4069 2881 9705
8 2007 8290 7397 4307 6829 6464 8706 3815
8 46 1136 3251 7068 2915 3547 2463 5333
8 301 8327 5016 3605 698 2517 9974 1095
9 7003 5190 1313 5438 5443 2133 9001 5233 2718
11 835 7427 6805 82 1541 7926 9512 2569 421 6704 8308
11 1333 2947 5297 3867 2354 8173 7963 670 4599 4740 7497
11 4837 3154 2430 86 4057 9303 1303 6781 9391 7473 1064
7 1898 604 8516 2918 4375 767 675
2 5495 4092
0
0
0
0
0
0
0
0
0
0
0
0
0
0
0
0
0
0
0
0
0
0
0
0
0
0
0
0
0
0
0
0
0
0
0
0
0
0
0
0
0
0
0
0
0
0
0
0
0
0
0
0
0
0
0
0
0
0
0
0
0
0
0
0
0
0
0
0
0
0
0
0
0
0
0
0
0
0
0
0
0
0
0
0
0
0
0
0
0
0
0
0
0
0
0
0
0
0
0
0
0
0
0
0
0
0
0
0
0
0
0
0
0
0
0
0
0
0
0
0
0
0
0
0
0
0
0
0
0
0
0
0
0
0
0
0
0
0
0
0
0
0
0
0
0
0
0
0
0
0
0
0
0
0
0
0
0
0
0
0
0
0
0
0
0
0
0
0
0
0
0
0
0
0
0
0
0
0
0
0
0
0
0
0
0
0
0
0
0
0
0
0
0
0
0
0
0
0
0
0
0
0
0
0
0
0
0
0
0
0
0
0
0
0
0
0
0
0
0
0
0
0
0
0
0
0
0
0
0
0
0
0
0
0
0
0
0
0
0
0
0
0
0
0
0
0
0
0
0
0
0
0
0
0
0
0
0
0
0
0
0
0
0
0
0
0
0
0
0
0
0
0
0
0
0
0
0
0
0
0
0
0
0
0
0
0
0
0
0
0
0
0
0
0
0
0
0
0
0
0
0
0
0
0
0
0
0
0
0
0
0
0
0
0
0
0
0
0
0
0
0
0
0
0
0
0
0
0
0
0
0
0
0
0
0
0
0
0
0
0
0
0
0
0
0
0
0
0
0
0
0
0
0
0
0
0
0
0
0
0
0
0
0
0
0
0
0
0
0
0
0
0
0
0
0
0
0
0
0
0
0
0
0
0
0
0
0
0
0
0
0
0
0
0
0
0
0
0
0
0
0
0
0
0
0
0
0
0
0
0
0
0
0
0
0
0
0
0
0
0
0
0
0
0
0
0
0
0
0
0
0
0
0
0
0
0
0
0
0
0
0
0
0
0
0
0
0
0
0
0
0
0
0
0
0
0
0
0
0
0
0
0
0
0
0
0
0
0
0
0
0
0
0
0
0
0
0
0
0
0
0
0
0
0
0
0
0
0
0
0
0
0
0
0
0
0
0
0
0
0
0
0
0
0
0
0
0
0
0
0
0
0
0
0
0
0
0
0
0
0
0
0
0
0
0
0
0
0
0
0
0
0
0
0
0
0
0
0
0
0
0
0
0
0
0
0
0
0
0
0
0
0
0
0
0
0
0
0
0
0
0
0
0
0
0
0
0
0
0
0
0
0
0
0
0
0
0
0
0
0
0
0
0
0
0
0
0
0
0
0
0
0
0
0
0
0
0
0
0
0
0
0
0
0
0
0
0
0
0
0
0
0
0
0
0
0
0
0
0
0
0
0
0
0
0
0
0
0
0
0
0
0
0
0
0
0
0
0
0
0
0
0
0
0
0
0
0
0
0
0
0
0
0
0
0
0
0
0
0
0
0
0
0
0
0
0
0
0
0
0
0
0
0
0
0
0
0
0
0
0
0
0
0
0
0
0
0
0
0
0
0
0
0
0
0
0
0
0
0
0
0
0
0
0
0
0
0
0
0
0
0
0
0
0
0
0
0
0
0
0
0
0
0
0
0
0
0
0
0
0
0
0
0
0
0
0
0
0
0
0
0
0
0
0
0
0
0
0
0
0
0
0
0
0
0
0
0
0
0
0
0
0
0
0
0
0
0
0
0
0
0
0
0
0
0
0
0
0
0
0
0
0
0
0
0
0
0
0
0
0
0
0
0
0
0
0
0
0
0
0
0
0
0
0
0
0
0
0
0
0
0
0
0
0
0
0
0
0
0
0
0
0
0
0
0
0
0
0
0
0
0
0
0
0
0
0
0
0
0
0
0
0
0
0
0
0
0
0
0
0
0
0
0
0
0
0
0
0
0
0
0
0
0
0
0
0
0
0
0
0
0
0
0
0
0
0
0
0
0
0
0
0
0
0
0
0
0
0
0
0
0
0
0
0
0
0
0
0
0
0
0
0
0
0
0
0
0
0
0
0
0
0
0
0
0
0
0
0
0
0
0
0
0
0
0
0
0
0
0
0
0
0
0
0
0
0
0
0
0
0
0
0
0
0
0
0
0
0
0
0
0
0
0
0
0
0
0
0
0
0
0
0
0
0
0
0
0
0
0
0
0
0
0
0
0
0
0
0
0
0
0
0
0
0
0
0
0
0
0
0
0
0
0
0
0
0
0
0
0
0
0
0
0
0
0
0
0
0
0
0
0
0
0
0
0
0
0
0
0
0
0
0
0
0
0
0
0
0
0
0
0
0
0
0
0
0
0
0
0
0
0
0
0
0
0
0
0
0
0
0
0
0
0
0
0
0
0
0
0
0
0
0
0
0
0
0
0
0
0
0
0
0
0
0
0
0
0
0
0
0
0
0
0
0
0
0
0
0
0
0
0
0
0
0
0
0
0
0
0
0
0
0
0
0
0
0
0
0
0
0
0
0
0
0
0
0
0
0
0
0
0
0
0
0
0
0
0
0
0
0
0
0
0
0
0
0
0
0
0
0
0
0
0
0
0
0
0
0
0
0
0
0
0
0
0
0
0
0
0
0
0
0
0
0
0
0
0
0
0
0
0
0
0
0
0
0
0
0
0
0
0
0
0
0
0
0
0
0
0
0
0
0
0
0
0
0
0
0
0
0
0
0
0
0
0
0
0
0
0
0
0
0
0
0
0
0
0
0
0
0
0
0
0
0
0
0
0
0
0
0
0
0
0
0
0
0
0
0
0
0
0
0
0
0
0
0
0
0
0
0
0
0
0
0
0
0
0
0
0
0
0
0
0
0
0
0
0
0
0
0
0
0
0
0
0
0
0
0
0
0
0
0
0
0
0
0
0
0
0
0
0
0
0
0
0
0
0
0
0
0
0
0
0
0
0
0
0
0
0
0
0
0
0
0
0
0
0
0
0
0
0
0
0
0
0
0
0
0
0
0
0
0
0
0
0
0
0
0
0
0
0
0
0
0
0
0
0
0
0
0
0
0
0
0
0
0
0
0
0
0
0
0
0
0
0
0
0
0
0
0
0
0
0
0
0
0
0
0
0
0
0
0
0
0
0
0
0
0
0
0
0
0
0
0
0
0
0
0
0
0
0
0
0
0
0
0
0
0
0
0
0
0
0
0
0
0
0
0
0
0
0
0
0
0
0
0
0
0
0
0
0
0
0
0
0
0
0
0
0
0
0
0
0
0
0
0
0
0
0
0
0
0
0
0
0
0
0
0
0
0
0
0
0
0
0
0
0
0
0
0
0
0
0
0
0
0
0
0
0
0
0
0
0
0
0
0
0
0
0
0
0
0
0
0
0
0
0
0
0
0
0
0
0
0
0
0
0
0
0
0
0
0
0
0
0
0
0
0
0
0
0
0
0
0
0
0
0
0
0
0
0
0
0
0
0
0
0
0
0
0
0
0
0
0
0
0
0
0
0
0
0
0
0
0
0
0
0
0
0
0
0
0
0
0
0
0
0
0
0
0
0
0
0
0
0
0
0
0
0
0
0
0
0
0
0
0
0
0
0
0
0
0
0
0
0
0
0
0
0
0
0
0
0
0
0
0
0
0
0
0
0
0
0
0
0
0
0
0
0
0
0
0
0
0
0
0
0
0
0
0
0
0
0
0
0
0
0
0
0
0
0
0
0
0
0
0
0
0
0
0
0
0
0
0
0
0
0
0
0
0
0
0
0
0
0
0
0
0
0
0
0
0
0
0
0
0
0
0
0
0
0
0
0
0
0
0
0
0
0
0
0
0
0
0
0
0
0
0
0
0
0
0
0
0
0
0
0
0
0
0
0
0
0
0
0
0
0
0
0
0
0
0
0
0
0
0
0
0
0
0
0
0
0
0
0
0
0
0
0
0
0
0
0
0
0
0
0
0
0
0
0
0
0
0
0
0
0
0
0
0
0
0
0
0
0
0
0
0
0
0
0
0
0
0
0
0
0
0
0
0
0
0
0
0
0
0
0
0
0
0
0
0
0
0
0
0
0
0
0
0
0
0
0
0
0
0
0
0
0
0
0
0
0
0
0
0
0
0
0
0
0
0
0
0
0
0
0
0
0
0
0
0
0
0
0
0
0
0
0
0
0
0
0
0
0
0
0
0
0
0
0
0
0
0
0
0
0
0
0
0
0
0
0
0
0
0
0
0
0
0
0
0
0
0
0
0
0
0
0
0
0
0
0
0
0
0
0
0
0
0
0
0
0
0
0
0
0
0
0
0
0
0
0
0
0
0
0
0
0
0
0
0
0
0
0
0
0
0
0
0
0
0
0
0
0
0
0
0
0
0
0
0
0
0
0
0
0
0
0
0
0
0
0
0
0
0
0
0
0
0
0
0
0
0
0
0
0
0
0
0
0
0
0
0
0
0
0
0
0
0
0
0
0
0
0
0
0
0
0
0
0
0
0
0
0
0
0
0
0
0
0
0
0
0
0
0
0
0
0
0
0
0
0
0
0
0
0
0
0
0
0
0
0
0
0
0
0
0
0
0
0
0
0
0
0
0
0
0
0
0
0
0
0
0
0
0
0
0
0
0
0
0
0
0
0
0
0
0
0
0
0
0
0
0
0
0
0
0
0
0
0
0
0
0
0
0
0
0
0
0
0
0
0
0
0
0
0
0
0
0
0
0
0
0
0
0
0
0
0
0
0
0
0
0
0
0
0
0
0
0
0
0
0
0
0
0
0
0
0
0
0
0
0
0
0
0
0
0
0
0
0
0
0
0
0
0
0
0
0
0
0
0
0
0
0
0
0
0
0
0
0
0
0
0
0
0
0
0
0
0
0
0
0
0
0
0
0
0
0
0
0
0
0
0
0
0
0
0
0
0
0
0
0
0
0
0
0
0
0
0
0
0
0
0
0
0
0
0
0
0
0
0
0
0
0
0
0
0
0
0
0
0
0
0
0
0
0
0
0
0
0
0
0
0
0
0
0
0
0
0
0
0
0
0
0
0
0
0
0
0
0
0
0
0
0
0
0
0
0
0
0
0
0
0
0
0
0
0
0
0
0
0
0
0
0
0
0
0
0
0
0
0
0
0
0
0
0
0
0
0
0
0
0
0
0
0
0
0
0
0
0
0
0
0
0
0
0
0
0
0
0
0
0
0
0
0
0
0
0
0