7 6520 7985 234 9555 3664 7783 9711
9 262 9203 3142 2027 8647 7943 8174 4716 9891
12 9702 9105 577 3979 3312 5475 9212 2968 5977 5439 401 6348
3 2007 3185 1285
5 9099 289 4614 8331 2878
12 4144 3299 220 1615 6760 2998 6664 623 226 9922 9931 6364
13 7904 5627 7749 6726 2474 5661 8424 2873 3781 4729 7281 6011 626
9 2343 124 3715 4501 8589 9878 5788 5865 1153
11 5317 8875 9822 2683 9446 6461 4350 1360 2019 4277 9875
7 4898 2090 9690 9776 8690 8866 5225
6 8452 7821 7427 8879 1905 6919
5 7329 731 59 6976 5665
5 6363 3347 3836 3950 914
9 5864 5419 8050 1084 2888 5339 2441 6613 1242
7 2693 3126 9668 5607 4118 5471 757
10 1480 9407 9900 4434 9129 4554 5591 9749 8304 998
10 5739 650 6534 5936 6057 2175 3637 9281 3880 49
7 6072 4151 5346 3965 5790 7825 3069
4 7003 6943 4320 7343
3 8606 3204 2604
5 7882 5755 7402 5244 2824
2 8070 5173
6 2298 8907 4416 5463 7 2843
6 3905 8802 3858 859 6458 3618
11 7314 3365 5215 259 3305 9646 4271 9123 3064 4760 1929
7 2491 7524 2408 6358 3184 4160 9970
9 2735 1332 115 1521 662 5435 3035 4215 3985
12 6462 8041 2933 1847 5432 8467 3520 7855 56 2610 4047 3945
5 7028 4203 2586 9719 479
8 881 3831 4883 6210 5149 9334 557 5931
7 39 816 2703 6988 5048 7673 7969
3 9509 4023 3259
9 3187 7291 9040 4337 4332 5974 8942 5973 3856
7 3864 9600 4922 3240 8770 2208 9215
8 8038 9169 8712 4188 4897 1312 1562 2038
9 6830 5343 5536 5874 7485 4156 638 1950 8789
4 5437 8500 8054 4955
6 4998 5202 7138 4803 2845 6539
7 6362 1858 9614 2862 9558 9703 747
4 8160 2188 8543 4124
6 8991 8170 1331 2276 6690 1510
4 3134 4926 5731 6507
2 1817 4476
6 3198 995 3906 6911 6241 9766
7 4303 251 5467 7035 8943 7593 9336
4 4996 5110 5410 9476
7 6548 8441 1249 2035 3975 1454 4542
6 8732 427 60 5796 5125 9726
7 9503 8216 5549 4820 2908 1938 9465
6 9011 2449 8008 8454 4393 9290
5 2881 1453 9828 9906 455
4 9764 7723 3097 1730
2 7182 3274
10 605 9978 4968 3954 7008 5741 8633 2138 8957 9339
5 1107 6933 9172 8738 1677
2 6834 4700
8 2605 6578 5658 1390 2088 2394 7566 6127
9 6740 1322 4983 5883 5460 3383 8375 2815 2055
3 558 2620 4811
6 2288 3809 7374 4402 8080 784
9 9624 3728 4589 265 587 1577 5937 8503 5723
6 7476 1868 888 9918 8443 4750
4 6382 7491 7795 1892
11 6581 2715 3379 4397 7914 3780 8488 8515 2301 7869 5108
8 1773 7241 1099 6840 1141 8528 8865 2358
8 7280 1991 5033 1347 5272 3820 6439 8685
5 8239 4230 4936 9569 3922
7 2204 8411 5461 3080 4364 3711 5825
4 7347 5250 1000 8397
8 7966 3191 4478 8765 7617 2200 9916 6073
7 3508 7930 3599 1306 5443 3897 5078
7 5156 5511 6979 1001 1207 836 5575
10 5763 8064 7113 1440 1848 8884 8269 6294 6390 1552
8 1721 2254 3805 7279 9311 5331 6869 383
2 2134 4197
6 264 3931 5361 4041 8279 1645
5 7373 7725 5854 4962 3324
8 8464 7560 559 3164 7002 770 8275 2606
3 928 6494 8897
2 2591 5284
5 5426 1204 7405 5776 2746
7 4924 2699 8027 8861 3180 437 5084
12 9489 9231 2654 4994 9467 8626 5364 5051 7964 5791 9811 8582
3 4301 5352 8618
11 8721 5995 7350 9307 5775 8925 9432 5814 5111 224 3545
5 4087 759 5944 7938 6136
7 9100 2194 7996 5876 3218 1095 9484
12 9897 732 5560 8015 2833 2816 2097 195 5454 79 6295 8280
7 5377 733 4226 2251 7813 9921 4978
15 9444 1292 547 5680 8828 2391 1219 9350 1056 6330 7268 5629 9196 2170 4445
4 5321 8061 2961 5646
7 6724 50 5966 136 5449 3087 7826
11 134 4517 5544 1878 9794 1726 1909 2363 3665 8818 7223
3 3887 4310 8677
6 2787 8739 1362 1468 2030 7173
7 4532 1965 2274 6209 2618 9391 5293
2 3491 8332
10 2984 7411 643 7674 8621 8980 7906 9250 2139 3987
3 613 5821 3313
7 9751 2283 1525 327 3525 2814 2617
6 1071 5552 4299 962 7307 8423
15 4450 3767 397 6996 4146 1753 407 5736 2155 3787 8508 983 9650 5760 4013
6 1594 2689 8998 9601 5037 6750
6 854 5914 9986 7954 2273 2163
5 4184 2286 5542 4292 1622
11 7318 5049 7599 8180 4618 4904 6246 6492 1837 9831 7166
9 3311 2420 1507 6193 191 2310 3408 4778 9178
8 288 7605 2337 9953 9792 8744 1446 2563
6 3265 1851 2202 9532 7257 2029
6 5625 4901 2243 2750 2165 8612
10 3962 8714 9271 2545 3600 3718 5676 8337 2785 4592
7 8885 2521 5438 5768 2848 8717 5784
6 129 8228 5390 1887 3727 1547
5 8667 2778 3402 7111 1437
4 698 3926 4145 3613
10 3877 8946 4363 7917 3576 4108 6093 7980 9461 1288
7 723 7992 5057 611 4490 7953 5884
6 1680 6014 3010 8847 3838 325
9 1725 7701 3930 3432 8511 5068 5652 1623 1134
6 6169 7839 2443 4333 7530 1378
5 8893 4570 2488 8226 807
4 9451 8345 1137 9536
8 5679 2767 430 4267 9834 1019 58 9312
8 4029 7843 7212 3195 7765 6995 3478 2764
5 5997 4745 5138 3505 7472
3 3705 8572 7527
6 1374 6322 7946 9971 8569 4191
8 4135 9867 4392 1549 5280 3612 6524 8069
5 8625 30 1003 7714 1136
13 3256 4786 5492 5772 5131 5401 562 4568 2238 4911 9025 9786 142
10 3625 8005 2726 783 9168 8613 7978 9024 7358 8636
4 631 5823 7404 4545
4 2147 6474 5589 3207
6 6526 7306 9356 776 3861 7641
6 3215 1764 165 8369 5273 8113
4 7196 9750 7375 4243
3 2692 9796 5718
4 8565 5179 7189 390
10 5593 4802 2496 7702 3480 472 1822 3484 6675 9522
4 1188 2768 1343 4726
5 619 8643 8969 6960 3755
6 2122 618 1128 6828 7533 3063
12 8749 4902 2428 6622 3481 2579 7338 3844 5368 7437 9606 2993
2 1545 1064
6 103 3493 4841 1805 4142 5077
10 8786 4330 7887 4425 6088 6354 7718 3884 3886 7590
13 3630 3598 3361 8887 6065 5098 5429 9145 149 1479 6994 2145 7391
11 5452 5708 8550 239 2490 6731 1472 2909 8169 2280 336
9 4148 8199 7722 5190 6770 2940 6212 3115 616
9 7387 4514 6557 1809 2795 1659 5555 4961 6434
6 1666 1408 6334 3642 9117 316
7 2918 3247 7100 5195 1574 9910 5334
5 5151 2855 3028 7519 8611
4 2499 3389 1559 7185
5 5833 8058 2638 1120 6185
7 205 4976 6881 4079 4678 1966 9443
6 2959 4181 389 6687 8499 5841
9 8868 3483 5404 1129 8084 8053 4378 8091 9753
4 5260 4165 2169 9005
4 9663 6099 2818 1731
5 3828 840 2410 590 2334
5 4647 5942 5781 8874 9573
3 3163 5953 7676
4 7892 1877 1341 2664
11 2863 6036 7395 2318 8684 3899 2612 7244 2010 8964 7983
7 8048 1654 2290 2372 2724 1452 9430
5 1691 5961 392 1825 2203
4 6108 322 8349 9380
5 5604 6867 667 2905 5020
8 2261 2804 697 7221 6204 8233 8676 9677
3 4220 6889 6288
12 5950 2255 7124 4453 8778 8060 8322 644 7781 4348 1080 1300
14 7205 6335 5146 4732 4982 9956 3415 7001 9876 2623 3107 1226 5476 5855
6 2382 3327 9439 762 9032 3571
5 5424 9318 7011 748 2564
7 171 3704 1327 3153 9747 8540 5960
4 6514 8726 5798 603
6 5072 9454 1953 2347 9909 7441
8 9447 3660 2210 6702 4399 8078 3458 3125
8 2082 2629 1487 8482 7044 9599 5896 4918
5 8046 1614 5587 4504 3380
2 7937 1948
4 4942 1653 8710 4741
13 2112 5550 7835 3635 5986 6588 3287 6104 1083 8863 3825 5592 971
7 6181 7496 4861 4908 3914 5836 8371
6 8167 9327 6007 2224 3528 9932
3 9097 8100 8384
8 8736 4597 1234 8461 9277 9331 1699 8825
6 6689 2594 1301 6371 8222 6111
11 6935 7292 771 5459 2671 7509 7409 3140 9781 9448 6063
8 6102 7897 3388 8891 1542 4747 758 2813
7 380 5500 9295 9957 3812 7537 12
6 1586 3158 6505 1718 307 3698
5 2379 4951 6417 443 746
4 7253 5748 5209 2627
2 3749 7589
8 1816 9309 8634 8858 7192 4931 6019 5753
6 3061 6646 6433 3928 432 2321
8 2512 8186 1224 6477 3523 913 1705 954
9 2662 8432 6050 9014 3422 9239 9850 1404 8850
7 2272 8417 8164 5408 4556 3514 4116
9 5619 8446 7446 1213 3301 1295 2890 7997 3559
6 2242 4625 2554 3641 9304 231
6 7970 6047 2427 3419 4859 8217
8 9944 9028 6627 5677 7751 8517 8365 4474
4 8244 5988 948 1375
7 2344 692 4040 3012 1173 5547 7283
3 8124 3670 2225
2 3090 9329
8 5505 4912 1166 5812 7079 7591 393 4846
2 8402 4052
8 2198 442 488 7295 5130 1801 7696 828
6 3117 3395 4480 391 2409 5749
4 3173 4660 4019 3870
4 5481 7184 7700 8638
12 1572 505 8680 7094 640 1195 3860 8098 3819 9759 3631 797
4 7293 5697 5407 296
8 1286 5436 4783 2371 6723 5485 955 5631
4 1119 4339 5157 1150
11 8745 5320 7898 4419 4612 2219 3427 9013 188 2070 3656
5 8762 3229 7356 669 7204
4 6145 3683 9243 9472
3 4735 7842 464
8 6012 4232 2336 9428 1959 2544 6623 8036
6 1486 8723 5176 8463 6300 2926
9 8767 1291 7216 2287 1290 1958 2252 8947 2609
13 6480 6314 2945 953 6421 8151 6509 3652 1698 8267 3586 9782 9860
4 2119 2633 1555 7713
9 946 7084 1278 3172 796 6323 3626 1829 7766
7 7322 4813 5047 6918 3690 9915 7459
11 654 1244 5258 9308 276 9301 7337 9296 2492 3431 1704
5 2806 6993 5588 2755 4178
12 2978 3977 4997 4751 1157 6986 6944 573 4261 7264 8137 299
10 4884 4581 2705 2628 1156 5274 3026 879 7069 144
2 447 5586
13 2741 5214 9947 4755 5830 3464 1484 7834 763 170 4790 4193 4296
7 4163 2487 6594 7615 4338 4683 4865
10 5895 7606 7517 8674 5275 44 4916 3440 910 1740
11 9788 9122 4765 9491 8476 4738 8808 2185 406 729 6339
4 4460 900 6191 9211
6 448 7597 2847 1701 6278 737
12 2522 7157 4640 6528 9739 899 5609 7977 6676 8235 3956 1115
12 7798 1217 8109 176 5462 2853 2820 4577 1483 4446 4424 452
8 3330 5450 9993 2227 4354 2494 6273 8321
12 3548 7526 9157 571 9885 7708 7832 3014 1575 2880 3713 4192
5 3982 795 4723 3021 4018
3 9689 6079 2508
8 9967 4541 8012 941 4049 7586 9765 7093
6 3206 1935 5817 702 8870 1185
9 3940 509 4224 7240 118 4925 6397 1279 3288
8 5674 2236 1060 7382 1952 7611 4177 3644
3 19 3120 901
4 1554 3837 6260 9637
6 1908 417 5474 8526 5618 9499
8 8353 1222 3522 960 4324 78 1038 8131
8 1155 5434 7481 5412 9404 8044 8123 1951
7 4340 9518 878 6775 8552 7251 143
8 7501 1125 7371 1865 2373 7348 7705 7214
3 7181 9829 4757
4 938 4015 722 7289
7 3139 7168 9873 2392 3662 2786 1558
4 3091 6032 4662 8185
6 4575 2763 4719 6311 6152 5311
6 1057 4611 6546 7393 8147 7950
10 1989 4212 5924 270 431 3978 9323 6997 9390 2103
11 9586 3796 3634 2527 2403 5414 2650 3984 6233 20 2509
6 3487 5590 2130 9354 4886 8558
6 6792 242 5637 5127 1385 8002
6 7787 4167 1147 9119 321 2840
11 8016 7071 9126 132 6592 2312 7625 8898 8607 6084 3857
5 9455 1049 7497 5762 3289
6 7105 7945 3018 1082 7450 6285
6 7345 1368 8427 7107 5726 6342
5 6729 1553 5292 6964 4538
3 1823 4799 6870
6 2289 3871 4185 1055 7154 7851
10 6495 2047 9279 6693 9486 635 3110 5395 480 148
11 7394 4852 2529 6341 6010 4451 6448 108 8939 3969 3033
7 8525 4816 1366 5923 1514 8119 3275
4 8156 9674 7649 1682
5 5626 8658 1758 5873 579
5 4306 2322 6715 7489 2540
6 5664 3013 5750 3254 810 2658
5 9979 1846 3467 2669 8364
9 4572 7689 3529 6464 3413 7742 6400 9417 6302
12 1433 5382 28 5277 2976 4795 7163 3098 5834 1377 343 9507
4 3310 8751 5538 8959
11 6491 8010 7815 8663 1495 4600 6576 1093 9638 131 86
8 1934 3703 1720 3762 5524 5493 8913 5857
10 4872 6444 1881 6153 8162 5389 9396 4993 7219 6518
9 8458 5885 525 4269 8202 8971 973 1091 5672
7 8784 6564 7042 8168 1732 4691 8648
12 9144 9333 5633 3517 1974 9088 8790 1258 3094 3456 2597 1247
7 2646 9568 818 4305 9034 3350 7349
4 7228 8838 4374 6650
3 6 1020 6890
2 4127 9736
12 7487 1617 1043 6317 8013 4672 8196 6080 5774 5647 2271 5939
11 1041 863 3552 312 6045 3369 6701 3423 9977 9827 2353
6 3337 9585 8619 3791 1982 73
6 1270 9844 2064 4268 1336 5512
4 4944 9949 6795 7175
4 8785 2817 6637 240
4 1367 5342 4103 9326
14 4249 2537 433 2942 5801 7559 7106 9541 7332 4753 5175 1540 1602 8178
5 6470 8120 1658 9545 7302
8 1459 8595 3766 5327 6405 1961 7123 2211
5 5044 7039 9517 5065 5987
13 5694 2065 8539 9821 1548 8961 5399 7955 9955 3929 906 2914 8301
9 7653 5416 2588 3020 6349 3902 1708 1894 5828
2 3980 1569
3 7431 4281 4432
6 7438 3268 7423 2807 181 8210
8 8272 9235 1976 107 7667 5508 1202 4622
8 2517 8852 3399 2823 5046 7831 8519 4133
7 7741 1092 1028 8234 3903 9770 526
7 2721 3000 4971 4963 4077 1333 8022
9 9814 1158 1600 9373 1076 2294 9940 5543 5456
4 7285 5029 4671 7814
2 1975 2117
8 9648 2307 3132 3492 4606 994 8089 3386
11 964 4211 3360 5153 4518 7215 7822 9056 3349 5423 5501
8 8655 2069 9854 333 7771 1035 3792 4650
6 825 2077 8025 8504 8727 5891
4 3359 7809 101 8154
12 6902 4362 9767 3019 1906 1643 4149 8265 7032 3543 7820 3588
6 7711 6786 3655 2849 2066 3617
5 54 2361 1662 3001 2983
6 9880 8115 7419 8516 9849 3737
6 8251 3504 9661 1898 790 295
4 9220 1636 5606 749
4 3801 5159 2267 3569
6 6621 4218 0 5531 9259 302
1 6467
6 5490 2698 2704 6257 8797 8877
9 164 5172 3141 122 8090 2770 1210 8480 9488
4 1216 3252 3536 925
3 4810 1722 4923
6 4054 1661 4284 9525 7053 794
7 6131 9960 3503 6632 5144 82 6087
3 6365 8201 8377
7 7563 3533 5269 6074 7238 1261 1425
4 3213 4447 2049 7049
4 7133 7160 1254 9120
10 7536 8318 5972 630 6545 2747 7951 3730 6487 8171
7 8683 8232 6229 7261 9577 7467 3238
2 8718 1359
5 2018 2891 1990 6453 3883
10 9158 1518 1917 1798 4531 366 927 5010 7878 7311
5 9780 8106 4129 5918 5370
14 9657 6752 8191 5120 8118 5338 8145 7644 3039 6187 4779 7315 8363 2876
10 7267 2284 5778 4294 9861 281 1969 5707 8862 2152
6 1215 7921 4179 1403 710 5230
7 2316 3607 2965 1171 9176 4766 2450
7 3721 9492 6253 3500 2666 8501 6148
7 6055 6105 3712 6768 7568 9387 5596
2 6281 7058
5 4673 3059 6559 5198 6667
4 6353 4987 9887 7565
2 7460 8350
6 539 3354 1544 2868 7603 3346
11 355 4342 3162 4631 6700 5095 8278 5688 4509 4091 3562
5 3795 6227 4473 5063 410
3 7146 8594 532
7 8395 8152 2595 5415 653 5266 8775
5 5908 6917 2376 4319 3589
5 3515 6384 4553 7024 9146
10 3694 6154 5927 1669 4817 7290 648 6242 8311 3971
6 204 4488 4022 5894 421 3223
10 396 2714 228 6586 1925 6955 298 1085 2953 8138
6 4074 5940 6435 8430 4095 2114
5 9919 1812 4057 3286 9642
11 446 7480 2223 7378 4540 3224 5294 8163 4186 1972 6533
7 7833 5150 3048 1293 1456 5848 70
4 8087 6445 8941 7681
5 4624 685 632 182 6355
7 4189 1576 2457 2253 1573 1277 7539
5 9742 7806 2535 2265 1706
3 2193 8006 8700
4 9540 845 2593 8622
6 5758 2158 6853 263 2659 8669
3 5794 3043 4120
9 8150 2898 6950 221 7202 3681 7288 3797 2839
5 8248 4383 197 6350 2326
5 461 1086 868 4341 7252
5 5136 9266 7112 3850 1599
2 7817 939
3 6207 8319 5003
8 2269 1624 1762 7335 3322 9069 4695 6872
5 6530 8357 5446 9673 7057
6 3868 8066 5354 7758 1191 4158
8 3733 3633 257 9676 3378 6368 2625 6419
9 5898 1289 7354 6614 1744 980 8949 8654 3032
6 4298 5659 5563 1318 2830 3128
10 81 6385 8003 5989 3447 8934 9041 6441 8308 6250
8 2400 8905 3186 7022 5916 707 3959 5545
8 6692 3269 1325 8716 3679 8001 5398 3237
5 738 3086 8753 9938 6022
10 1209 7239 9437 8352 4311 4484 6934 3041 4315 966
4 8672 8374 1009 8908