2 281 231
5 161 204 64 199 264
1 228
3 296 63 1
2 209 12
1 206
1 256
3 193 235 94
2 290 143
2 93 106
4 13 253 48 194
2 95 126
1 278
1 35
1 149
2 224 279
1 266
1 123
3 127 16 46
4 61 73 42 135
3 113 90 251
2 201 247
2 14 37
2 3 69
1 30
1 250
2 170 297
1 132
1 196
1 252
2 177 292
1 192
2 45 141
1 175
1 59
2 7 153
3 136 6 270
1 215
6 0 225 267 32 124 280
3 75 287 97
2 140 2
2 248 169
3 58 111 51
3 27 191 52
5 105 29 254 119 145
4 82 237 76 181
2 273 229
3 24 174 205
1 186
4 121 117 195 223
2 108 43
2 139 257
1 152
1 182
4 214 197 25 9
1 233
2 109 77
2 283 274
4 44 128 70 112
1 173
3 107 96 176
1 67
3 146 291 155
1 115
1 242
3 294 162 100
3 60 40 293
2 163 208
1 238
2 227 289
2 68 47
2 148 219
1 78
2 171 130
2 21 71
3 101 131 10
1 189
2 62 20
1 66
1 55
3 230 158 31
1 98
2 172 183
2 218 262
3 167 72 255
1 265
1 272
2 122 120
2 156 165
2 91 17
2 133 151
2 26 104
2 5 211
1 154
5 210 79 271 207 178
3 222 118 84
3 39 86 142
3 129 160 49
2 277 240
1 288