2 213 240
1 242
4 271 269 147 255
3 259 177 31
2 33 123
1 12
3 156 283 9
1 141
1 265
1 293
3 75 241 250
1 256
3 68 5 100
1 59
1 112
4 180 273 237 173
2 282 149
1 288
5 296 107 82 124 199
2 10 229
3 185 139 115
1 181
1 152
3 285 287 175
1 196
4 0 27 248 66
2 114 186
1 106
3 95 160 84
3 243 76 165
2 111 2
4 121 81 291 17
3 212 19 252
2 101 51
2 119 211
2 127 292
2 201 231
3 216 70 169
3 96 298 120
1 272
1 98
2 11 194
1 43
1 219
2 258 238
3 13 217 262
1 126
3 161 14 47
1 205
2 16 270
1 104
3 85 197 182
3 290 174 37
2 48 274
4 63 236 235 130
5 54 146 61 23 247
2 244 215
1 206
2 170 30
2 25 278
2 80 35
4 260 209 6 251
1 94
1 135
1 154
2 89 192
2 131 52
2 214 78
2 284 189
1 49
1 151
1 1
2 249 142
1 257
2 140 264
1 67
1 233
1 223
2 224 97
2 15 266
2 245 71
1 143
2 73 279
2 226 178
3 203 162 228
3 21 102 145
3 116 39 297
3 294 281 69
4 148 74 138 280
2 50 176
3 204 158 20
2 207 132
2 83 183
1 208
3 276 125 153
1 155
3 295 163 77
2 42 55
5 103 190 90 45 46
1 289